	M9Ekey217.141044	M2Tkey217.141054	M2Gkey217.141106	M2Enter217.141012	M2Skey217.141089	M9Pkey217.141096	M9Fkey217.141065	M9Okey217.141076	M9Akey217.141086	M2Ckey217.141092	M2Ykey217.141095	M2Ukey217.141085	M2Nkey217.141052	M3Kkey217.141046	M3Ykey217.141023	M3Lkey217.141097	M3Bkey217.141059	M9Wkey217.141090	M9Nkey217.141010	M9Mkey217.141007	M9Bkey217.141032	M2Ikey217.141000	M2Mkey217.141014	M3Ckey217.141073	M3Space217.141098	M9Xkey217.141072	M2Vkey217.141022	M2Rkey217.141050	M2Pkey217.141105	M2Lkey217.141048	M2Qkey217.141102	M2Kkey217.141041	M2Xkey217.141016	M2Ekey217.141011	M2Fkey217.141078	M3Jkey217.141017	M9Gkey217.141099	M9Vkey217.141018	M9Kkey217.141033	M9Ckey217.141013	M2Hkey217.141026	M3Nkey217.141001	M3Akey217.141006	M3Mkey217.141107	M3Zkey217.141083	M3Rkey217.141025	M3Qkey217.141051	M9Enter217.141084	M9Dkey217.141053	M2Bkey217.141063	M3Wkey217.141104	M3Xkey217.141055	M9Space217.141079	M9Ykey217.141029	M9Qkey217.141019	M2Okey217.141061	M2Dkey217.140994	M2Zkey217.141015	M2Space217.140997	M2Lsft217.141056	M2Jkey217.141038	M2Wkey217.141070	M2Akey217.141030	M3Pkey217.141031	M3Ekey217.141042	M3Lsft217.141088	M3Hkey217.141093	M3Rsft217.140995	M9Hkey217.140999	M9Skey217.141004	M2Rsft217.141034	M3Gkey217.141037	M3Vkey217.141028	M3Tkey217.141081
M9Ekey217.141044	0.0	0.693252567971	0.782470285906	0.481092676131	0.411366720963	0.402418366355	0.656666294312	0.630486328858	0.711582906167	0.423305140122	0.711361616177	0.674737863565	0.67391602211	0.480915721661	0.645408350119	0.414879506999	0.428310464646	0.63380965346	0.754469293118	0.693542430439	0.669968231418	0.48891498832	0.720658673344	0.79162984455	0.709287012364	0.662110223069	0.780009382988	0.456738139979	0.69004604658	0.704041997308	0.662526357148	0.475444967842	0.655301145984	0.682530840365	0.682248768578	0.415867425027	0.692998618408	0.510282454707	0.403462309285	0.398267075557	0.446532238318	0.663357430334	0.709580859483	0.610077875152	0.606434115364	0.45081798545	0.403289308112	0.721367959451	0.493031962726	0.644186637371	0.435922779295	0.443394599758	0.647157225616	0.603079361984	0.640984137261	0.713478068486	0.405357386196	0.675753241588	0.3879962485	0.7084139942	0.536221707872	0.419797643898	0.714692095914	0.70155755092	0.700488315633	0.687053987464	0.440889152007	0.400930020612	0.443733839968	0.456056468526	0.668111804821	0.434529256521	0.632406907166	0.677043574113
M2Tkey217.141054	0.693252567971	0.0	0.618960283108	0.60483121537	0.667782783819	0.71061228707	0.507654803469	0.411288555106	0.557037627803	0.700964818978	0.531633065176	0.586944224752	0.466469643197	0.672443308813	0.589308521901	0.721745539723	0.703229985922	0.540351722243	0.559567323944	0.587651331199	0.484043243644	0.757176544512	0.521511005153	0.654128743504	0.543114961984	0.606086265876	0.596728412069	0.64244824152	0.554371416247	0.506090863441	0.482496668046	0.610192719773	0.483166264095	0.456682268521	0.621371354036	0.681473931762	0.605137572105	0.661894280316	0.678193698801	0.695812453235	0.741396536803	0.384075545425	0.551942803924	0.533015721595	0.534695222108	0.641684817556	0.72474686222	0.605611246784	0.676387247416	0.623363772825	0.715442665711	0.681541942148	0.447511968997	0.477205863762	0.532804721309	0.497573858954	0.73745304575	0.568243061982	0.697000106201	0.574666484569	0.76272204567	0.705786947439	0.52868018669	0.448511551046	0.560513052336	0.642316584619	0.642085461086	0.673216011965	0.72293427651	0.766646991424	0.620762233787	0.676538525384	0.539853774792	0.595114039243
M2Gkey217.141106	0.782470285906	0.618960283108	0.0	0.728973009296	0.789307174555	0.807123204589	0.667928575696	0.635807119985	0.570450477514	0.812416572252	0.616034240316	0.6997651464	0.650395115056	0.771176325755	0.66984934344	0.792218584404	0.779925164729	0.635829889337	0.659932082421	0.642160745201	0.582067369498	0.863955533328	0.478335403267	0.646852339384	0.6102294982	0.715186544647	0.620321670412	0.753235011087	0.643311703165	0.587521947479	0.673763887524	0.727047391838	0.537919965918	0.601526739214	0.707479371607	0.75614202283	0.671070205062	0.8025472432	0.768748889016	0.800040183468	0.832733160963	0.596323536057	0.600013259717	0.645802885284	0.68389100196	0.738137529452	0.814441909723	0.584251438365	0.762551491195	0.697296357344	0.809018397374	0.760965426115	0.685435947596	0.630495079985	0.624531898123	0.648033687713	0.809336076094	0.631907278533	0.797788018082	0.621913749646	0.83818385135	0.75137258482	0.535310739979	0.565235232642	0.563818006713	0.727702811762	0.732237329562	0.769398506745	0.765468966506	0.871757400696	0.679083387723	0.789353787076	0.641276129926	0.653850438223
M2Enter217.141012	0.481092676131	0.60483121537	0.728973009296	0.0	0.477319743588	0.526235095997	0.583678815825	0.503022594312	0.643872332055	0.475539334239	0.642261955289	0.613032624695	0.617967301584	0.534541624118	0.536504132577	0.512058334744	0.512875028252	0.531766787023	0.707636805094	0.609906048509	0.602600211314	0.593414918153	0.651481517785	0.706081964255	0.675460804244	0.580880872521	0.710426640305	0.451311899423	0.586333678169	0.630112350454	0.595727304682	0.427350109681	0.543597653718	0.619881050736	0.624344486696	0.453187977826	0.632977907177	0.518229743964	0.424165840972	0.45866170811	0.526948040182	0.571147217694	0.647283487705	0.556573669616	0.580034310672	0.396302736228	0.51041230454	0.67631582463	0.447886967923	0.595447574947	0.496008525242	0.442688400748	0.548256993759	0.522293518174	0.59446370553	0.653296638528	0.503675698724	0.573279501602	0.464849765694	0.631750219303	0.58523610178	0.467645817733	0.636272020417	0.636078902089	0.64700268341	0.669558466109	0.436730597206	0.428892280997	0.495923996285	0.607520188002	0.651829046141	0.477933748242	0.559406988908	0.63065547986
M2Skey217.141089	0.411366720963	0.667782783819	0.789307174555	0.477319743588	0.0	0.40638028451	0.678444235372	0.608160325472	0.731305017353	0.406453721736	0.695847882291	0.689344691762	0.669670579602	0.479032779752	0.61066302498	0.414716137123	0.466241178562	0.630521308139	0.754077282969	0.684711678725	0.684149108988	0.44050202582	0.720496451926	0.774350295575	0.736492834869	0.646293409567	0.775195792167	0.482536979265	0.695443368088	0.68831695017	0.655474752593	0.444785204865	0.657973681436	0.682133702806	0.691250595485	0.433197751096	0.702492725734	0.452869956946	0.437564648282	0.363249784159	0.448279940805	0.663356351313	0.715474799772	0.612787287812	0.651803357932	0.447214928078	0.373502794029	0.750748239065	0.459192098581	0.665731092546	0.438762764391	0.433958748522	0.621631260582	0.621143222769	0.652057401581	0.714546261843	0.40500604841	0.681573180224	0.353729500659	0.71495433203	0.472595452053	0.386328539958	0.701498242739	0.704421273651	0.70744409999	0.711475143496	0.41881411073	0.39095067471	0.354800008407	0.429739394811	0.664163464618	0.443819184078	0.629072831885	0.696209019434
M9Pkey217.141096	0.402418366355	0.71061228707	0.807123204589	0.526235095997	0.40638028451	0.0	0.703665048693	0.649460971446	0.761346760874	0.451635238011	0.732158029784	0.690952827252	0.697641683836	0.475477785426	0.674734638047	0.441213845156	0.449141214963	0.676210980304	0.757559167192	0.738730368499	0.699972752209	0.421450362202	0.733134833682	0.776535297089	0.753552126101	0.679646354167	0.796046426828	0.50473814649	0.72287070003	0.722494422895	0.692778529146	0.473511513122	0.686312580862	0.726431514346	0.719492070026	0.457877545874	0.73182846382	0.496941342275	0.444243893098	0.403609927024	0.466725876518	0.689235664611	0.74225276619	0.664406832081	0.675557004395	0.499435615308	0.394304734279	0.761504139737	0.487020842385	0.706595072769	0.449422841941	0.481258432607	0.670460174883	0.643750224747	0.704023943151	0.745369115276	0.411078611388	0.68738641345	0.378245019487	0.737511321931	0.463033685592	0.423094520957	0.730785176134	0.735504649763	0.721536017387	0.705580751981	0.460656898325	0.449348594139	0.428328890785	0.388102686469	0.694424560194	0.460669704104	0.68056397305	0.707981309848
M9Fkey217.141065	0.656666294312	0.507654803469	0.667928575696	0.583678815825	0.678444235372	0.703665048693	0.0	0.534071293211	0.551827235852	0.68818334209	0.534605863095	0.588740097933	0.537017706488	0.69161145303	0.519962251644	0.700338361226	0.671903900919	0.48372966318	0.576882603062	0.565997037369	0.554753163294	0.75699898937	0.614461224109	0.706172670088	0.683178037985	0.556629288052	0.706677338279	0.659130782102	0.628810422695	0.514748246293	0.554640559043	0.592658435424	0.485505957158	0.554353907537	0.510266330493	0.626075762718	0.543845862382	0.665303971026	0.661918798298	0.676838187902	0.724872659677	0.548529040241	0.559029061458	0.461495831568	0.508355882882	0.605572463144	0.706589578369	0.60601604667	0.659611707351	0.522305559162	0.691888045665	0.646701917758	0.436469293452	0.516106103307	0.549709654247	0.533033053815	0.696953394022	0.564318451211	0.681515200497	0.548069257941	0.760156119746	0.657306395174	0.615363844013	0.537518934468	0.598459651612	0.610551634444	0.616173781712	0.633770364681	0.670740018426	0.762410583708	0.589571957397	0.670997771984	0.514691429671	0.563934138611
M9Okey217.141076	0.630486328858	0.411288555106	0.635807119985	0.503022594312	0.608160325472	0.649460971446	0.534071293211	0.0	0.494375068704	0.642292581673	0.544145249265	0.562150046619	0.462714290375	0.6250928232	0.557787517552	0.658871677885	0.639589777166	0.520483607111	0.635977495661	0.56237484692	0.452634872183	0.703842712641	0.472443939904	0.589133203078	0.595924306563	0.58842408685	0.564773854297	0.583344048984	0.481375175047	0.474189904934	0.502072990642	0.542193936682	0.427808633751	0.424123388184	0.628361435574	0.599766925095	0.576180342418	0.607326727644	0.602221567292	0.631082364771	0.695491195154	0.3640215103	0.553364081423	0.499066994356	0.552758207708	0.56377704051	0.658614659525	0.60660233587	0.580512775968	0.564861307884	0.651823397219	0.617226783772	0.454803814663	0.450859463016	0.500526297583	0.554804091141	0.663511499178	0.557848368096	0.637575791799	0.588856023882	0.693055377768	0.616948051207	0.520969514095	0.515466249317	0.533678515479	0.646284784433	0.557796081067	0.594227246932	0.642289372385	0.712869085657	0.580527208574	0.59782828716	0.528901266655	0.610484846401
M9Akey217.141086	0.711582906167	0.557037627803	0.570450477514	0.643872332055	0.731305017353	0.761346760874	0.551827235852	0.494375068704	0.0	0.735075960821	0.52280964624	0.638899216193	0.490262276028	0.753504500571	0.588233228915	0.752198453534	0.726726685024	0.53062535622	0.551640799241	0.527479067096	0.477167784734	0.803737732731	0.551499873465	0.584975887584	0.62437438767	0.628699951601	0.589302896713	0.696515975232	0.523519731735	0.531884872216	0.555417645199	0.657376290172	0.456649095788	0.494400761934	0.638006139152	0.704388012283	0.589322903439	0.7280204628	0.694236963617	0.743596529728	0.780460276115	0.486461466082	0.531963604413	0.593209389264	0.596498631792	0.682312307441	0.74453178536	0.542604248013	0.699536926313	0.639763491436	0.742391063031	0.709712746638	0.580703477766	0.543964318583	0.479143747907	0.590073584588	0.753968588288	0.597941288744	0.744248543582	0.527403067592	0.783379810238	0.720227533145	0.539671238515	0.44661460888	0.596968409269	0.663771636521	0.663806037922	0.691466928772	0.724851507383	0.804024540046	0.601727131813	0.715224094524	0.565998555844	0.62940765902
M2Ckey217.141092	0.423305140122	0.700964818978	0.812416572252	0.475539334239	0.406453721736	0.451635238011	0.68818334209	0.642292581673	0.735075960821	0.0	0.716113993808	0.694796727836	0.670615758843	0.487216177914	0.639037778626	0.459090756308	0.509529744697	0.658195231783	0.75943064969	0.705124327719	0.702359361317	0.457325239411	0.743406848786	0.790169521775	0.740178143607	0.662714954087	0.795145721168	0.485986671853	0.691839073766	0.708726633069	0.680785586502	0.473609797188	0.678195821261	0.697601567102	0.709603928023	0.443366897281	0.723163697261	0.476286254355	0.412426088673	0.358686734303	0.42723224411	0.685485359419	0.722634024301	0.656019560064	0.624309094165	0.462928077716	0.43986509371	0.748498331479	0.488504239693	0.691902266162	0.470278592691	0.445130693544	0.662898734073	0.644406924259	0.670163153501	0.741872757753	0.448882933053	0.705758175696	0.426035730235	0.737401648858	0.517093694007	0.400657330342	0.71543412647	0.717990216523	0.7230060255	0.711796358008	0.468938665233	0.384190514164	0.468264122628	0.455501491303	0.685557201501	0.440015799637	0.666029704852	0.684273423761
M2Ykey217.141095	0.711361616177	0.531633065176	0.616034240316	0.642261955289	0.695847882291	0.732158029784	0.534605863095	0.544145249265	0.52280964624	0.716113993808	0.0	0.553158720567	0.563666948021	0.714924143459	0.504275470166	0.724112833425	0.699804744644	0.493170643052	0.539595341872	0.523813140649	0.529215445137	0.770695852026	0.514246920835	0.668764718678	0.668008227713	0.567815600981	0.636611984639	0.667566093216	0.636509742101	0.503935638136	0.422258505333	0.642694626936	0.457377893672	0.540695960939	0.553011481904	0.680369371713	0.574560978924	0.685044941617	0.686801033292	0.712636224595	0.763163489761	0.555410308738	0.454313733653	0.523058479226	0.503210825041	0.65978364943	0.743221416448	0.51970378606	0.684464279513	0.637861891441	0.72294037643	0.705638746496	0.500662222395	0.548712286681	0.523043313825	0.509541465565	0.735775493084	0.561453370398	0.703668328774	0.498140768902	0.762354887912	0.700722414414	0.582491991203	0.467844308311	0.57355347045	0.610185517985	0.6411863608	0.668629198615	0.70774212467	0.781486287554	0.560207578208	0.709252949503	0.504072065666	0.535211391157
M2Ukey217.141085	0.674737863565	0.586944224752	0.6997651464	0.613032624695	0.689344691762	0.690952827252	0.588740097933	0.562150046619	0.638899216193	0.694796727836	0.553158720567	0.0	0.585777517412	0.704140769038	0.570885918785	0.700364203441	0.681130413978	0.561005397031	0.624557900097	0.637751168131	0.531011878956	0.747146752219	0.626137868256	0.689136564071	0.688127548323	0.611850359528	0.683893847588	0.653252616518	0.636016443648	0.617055008833	0.544880270834	0.616314550682	0.579884881598	0.585791571337	0.617641683467	0.637938473885	0.583376745931	0.672164708993	0.674967904014	0.683832449365	0.715482592519	0.596373748468	0.616211778907	0.515316788736	0.531054644197	0.638293561404	0.715946930333	0.646149145432	0.665567314331	0.572503304598	0.685519217845	0.67235274174	0.553906801196	0.527797771689	0.579863329221	0.617010421917	0.708230895483	0.525779244415	0.690209505703	0.557745890956	0.749408139411	0.672257304599	0.643246490788	0.606687262058	0.607996916569	0.598818944281	0.618216244539	0.649076450471	0.678508672383	0.76652166427	0.5623029702	0.673354883129	0.592015101559	0.580345074801
M2Nkey217.141052	0.67391602211	0.466469643197	0.650395115056	0.617967301584	0.669670579602	0.697641683836	0.537017706488	0.462714290375	0.490262276028	0.670615758843	0.563666948021	0.585777517412	0.0	0.681622221144	0.580199809635	0.705604117284	0.71389950296	0.548326240632	0.60776743337	0.584777802199	0.527160861367	0.75519472855	0.55720021554	0.668343460613	0.584047726574	0.648091732586	0.619463901253	0.670521495246	0.560085767228	0.51748146531	0.540911394899	0.592249549416	0.50291879187	0.453942134382	0.628095876509	0.663416460711	0.604342960182	0.682851892147	0.664670681712	0.682741146648	0.740071786072	0.465645249156	0.585492666234	0.550046866137	0.52387236909	0.640918339535	0.708880592515	0.553159695744	0.673703307611	0.630948022867	0.707098071556	0.657413147928	0.520136826402	0.512498652061	0.527657157743	0.585054523732	0.71719616991	0.600056790434	0.690889523957	0.591491616102	0.762825558554	0.683173731147	0.565927437675	0.468446599296	0.557065324432	0.599838608242	0.620378555245	0.644768311785	0.688594648292	0.772349243681	0.611823030753	0.678805952185	0.592691109768	0.587881455163
M3Kkey217.141046	0.480915721661	0.672443308813	0.771176325755	0.534541624118	0.479032779752	0.475477785426	0.69161145303	0.6250928232	0.753504500571	0.487216177914	0.714924143459	0.704140769038	0.681622221144	0.0	0.686633670383	0.524588658494	0.53826641157	0.680056677096	0.759520688368	0.730376215937	0.705340525283	0.518409981974	0.716169810779	0.817192471629	0.721695249687	0.722733894139	0.766687732673	0.506863193509	0.729568350479	0.71029182917	0.683139322678	0.503647178467	0.691018289576	0.691784453058	0.734077108373	0.551780994474	0.733441153484	0.506120358343	0.487682511382	0.500668336619	0.55589570719	0.671395984545	0.724438825102	0.67578361893	0.686945102331	0.51030711415	0.50868248257	0.728242059159	0.569626224064	0.731281653147	0.527165058675	0.518765784831	0.664885018627	0.649038581698	0.690548582957	0.704974935535	0.521433301752	0.689616653904	0.466812025265	0.73914577994	0.512707323344	0.464185089562	0.725967138342	0.725285061129	0.676733992848	0.733421299231	0.463158766109	0.521309744189	0.484074893082	0.496056213666	0.736262639741	0.517421831972	0.690926544626	0.71321632053
M3Ykey217.141023	0.645408350119	0.589308521901	0.66984934344	0.536504132577	0.61066302498	0.674734638047	0.519962251644	0.557787517552	0.588233228915	0.639037778626	0.504275470166	0.570885918785	0.580199809635	0.686633670383	0.0	0.655137730818	0.610865406599	0.426839061094	0.624659276915	0.533128349783	0.546958813119	0.726167921926	0.592392878221	0.67871064219	0.659799244143	0.487333177547	0.700850679067	0.590149596789	0.5801239092	0.490101642728	0.479207858383	0.561851929908	0.488203549313	0.558409866134	0.535631706191	0.608156608339	0.560139941234	0.65034419226	0.602401160387	0.630888318108	0.650978882208	0.557088778763	0.562421651376	0.488491062928	0.514188276814	0.567062125468	0.645995105281	0.618578176995	0.609150475025	0.558150715297	0.64349982366	0.606124909764	0.505477763275	0.535152188288	0.547051517661	0.606109103242	0.641393469793	0.583893918509	0.621510402988	0.535154085652	0.724445632279	0.60179802039	0.571792881595	0.563497912496	0.630821044054	0.643573591373	0.55769813258	0.586168714064	0.61931598835	0.738018593658	0.526970859743	0.604744982268	0.500971441025	0.529561924625
M3Lkey217.141097	0.414879506999	0.721745539723	0.792218584404	0.512058334744	0.414716137123	0.441213845156	0.700338361226	0.658871677885	0.752198453534	0.459090756308	0.724112833425	0.700364203441	0.705604117284	0.524588658494	0.655137730818	0.0	0.454973520394	0.67319999489	0.783829649878	0.715525113392	0.706172511927	0.475369476426	0.736714009145	0.796026844535	0.759436448009	0.691580951372	0.806823690333	0.489091191458	0.720432974419	0.732958074739	0.702827498151	0.47115158742	0.688575931452	0.712069955484	0.72049211091	0.465510998639	0.729766170504	0.483922067782	0.45653632686	0.399429463868	0.47275545429	0.717564322825	0.741091877027	0.672715782805	0.658184588907	0.450832422971	0.369105952124	0.774576999766	0.459157091849	0.693122324947	0.452352951734	0.45048576878	0.680011440413	0.649921635309	0.714562670739	0.743670272511	0.40281174763	0.697464368237	0.397512789642	0.72170699368	0.4773162696	0.440384108438	0.733644431989	0.725057416989	0.726956418301	0.733375565552	0.443894695896	0.462083780216	0.475533659774	0.429799552347	0.681864996253	0.458932707125	0.665258517255	0.728907652544
M3Bkey217.141059	0.428310464646	0.703229985922	0.779925164729	0.512875028252	0.466241178562	0.449141214963	0.671903900919	0.639589777166	0.726726685024	0.509529744697	0.699804744644	0.681130413978	0.71389950296	0.53826641157	0.610865406599	0.454973520394	0.0	0.64468206115	0.776770631153	0.689731275222	0.701695001929	0.561205427633	0.710146965591	0.80426829165	0.745803312235	0.643458512807	0.788347605874	0.452040769896	0.699894768637	0.717883824094	0.691019091744	0.510460553768	0.665748851355	0.703291523179	0.690472323657	0.464368941959	0.699373343735	0.520120379093	0.469126294437	0.456327524631	0.480812571259	0.695309415749	0.709780708079	0.621961571564	0.607064181948	0.481301255781	0.458898335155	0.767442786047	0.477613509963	0.657284106951	0.473435867111	0.445932545077	0.66227250102	0.652897522469	0.683530444646	0.736905265815	0.464518659001	0.674627297274	0.432990401475	0.700432633303	0.537089223523	0.450999494203	0.724295263934	0.725288487886	0.682286422728	0.703707718841	0.42487650251	0.486776959854	0.471495211639	0.523899924875	0.663669131149	0.498276006979	0.629684456523	0.672453563372
M9Wkey217.141090	0.63380965346	0.540351722243	0.635829889337	0.531766787023	0.630521308139	0.676210980304	0.48372966318	0.520483607111	0.53062535622	0.658195231783	0.493170643052	0.561005397031	0.548326240632	0.680056677096	0.426839061094	0.67319999489	0.64468206115	0.0	0.563417770822	0.470289597327	0.506146543915	0.738019786891	0.582180092655	0.639599088317	0.646657489275	0.46689449763	0.696249466606	0.61601897471	0.593272367881	0.527391228419	0.432890070456	0.57427447815	0.47704348457	0.536894626396	0.518804143577	0.588256515642	0.497882097912	0.649737713822	0.596685165712	0.656715817975	0.69511633056	0.533572800936	0.506549775321	0.454702708469	0.475773784041	0.579875261349	0.65971568435	0.588263538918	0.621710299555	0.56271502595	0.663257163584	0.639935701122	0.369321383212	0.519846262285	0.468938295887	0.568789457395	0.658232818805	0.524041364538	0.650181729006	0.512942973801	0.735720806099	0.631046985199	0.590598491874	0.520025977911	0.641250505896	0.604476808003	0.5857639598	0.610701117701	0.640941064285	0.75504210524	0.505688352162	0.647225396793	0.467595092938	0.545615362762
M9Nkey217.141010	0.754469293118	0.559567323944	0.659932082421	0.707636805094	0.754077282969	0.757559167192	0.576882603062	0.635977495661	0.551640799241	0.75943064969	0.539595341872	0.624557900097	0.60776743337	0.759520688368	0.624659276915	0.783829649878	0.776770631153	0.563417770822	0.0	0.550480102767	0.602336862432	0.79939239601	0.645478875932	0.67259222313	0.676978379268	0.662256650476	0.674567012595	0.729263683806	0.643372282167	0.644428761042	0.563306286054	0.684552588561	0.605484790782	0.634142341099	0.612926438621	0.740681572579	0.566941414209	0.735433354385	0.756040088963	0.755312678482	0.788965020672	0.623177732832	0.509511004278	0.596658746617	0.591768686946	0.714198376988	0.78086016583	0.627626617878	0.739558762995	0.69864352337	0.766915448239	0.751714443694	0.550440389019	0.64493946377	0.630332486293	0.547113562138	0.777887528303	0.625935832845	0.760135484893	0.540708578901	0.815545494454	0.756820754492	0.592046934004	0.569306766341	0.682748048889	0.640654841357	0.710854067428	0.727444465215	0.770412789164	0.813558214778	0.631748594405	0.749547054857	0.615576283221	0.576465218136
M9Mkey217.141007	0.693542430439	0.587651331199	0.642160745201	0.609906048509	0.684711678725	0.738730368499	0.565997037369	0.56237484692	0.527479067096	0.705124327719	0.523813140649	0.637751168131	0.584777802199	0.730376215937	0.533128349783	0.715525113392	0.689731275222	0.470289597327	0.550480102767	0.0	0.582226105835	0.787471170151	0.593682833051	0.641562891788	0.656046814709	0.561184760383	0.676298171423	0.682138129908	0.566729435864	0.569400030063	0.564127748977	0.615709768286	0.507841000402	0.568822363871	0.54512929623	0.675452224988	0.606885794424	0.691818085838	0.669094477391	0.691770548311	0.740540742573	0.576391333999	0.493162923528	0.516391419876	0.539924513012	0.651997671498	0.722487827888	0.599876028923	0.67462667655	0.660167709112	0.710466045061	0.689322629729	0.483709237787	0.605816771145	0.55306308033	0.539431983681	0.719398952954	0.579390771689	0.686659563941	0.507148144864	0.785856669216	0.696621549823	0.495273653315	0.584711002808	0.6821551656	0.675835990156	0.642294780295	0.678971420374	0.694962207769	0.795592884065	0.614105461424	0.700963232648	0.509666910865	0.642717479357
M9Bkey217.141032	0.669968231418	0.484043243644	0.582067369498	0.602600211314	0.684149108988	0.699972752209	0.554753163294	0.452634872183	0.477167784734	0.702359361317	0.529215445137	0.531011878956	0.527160861367	0.705340525283	0.546958813119	0.706172511927	0.701695001929	0.506146543915	0.602336862432	0.582226105835	0.0	0.764721711804	0.425305564212	0.584621337154	0.519258570618	0.573578219574	0.623513126067	0.646460265916	0.537020810635	0.410880505535	0.469421573887	0.587856825425	0.398089299689	0.426518115055	0.568983203956	0.622290522707	0.537717994201	0.678645720054	0.663542447612	0.692908964095	0.720369902253	0.456785740753	0.577488400447	0.536075147211	0.555914026728	0.625630485362	0.719550794614	0.497533274048	0.645591473961	0.592070604112	0.683580959847	0.658854362165	0.513769696455	0.430960010163	0.459621595249	0.58796375302	0.722479570265	0.548415846727	0.696614411149	0.593678909679	0.751806690371	0.661262883887	0.526748501348	0.450379915159	0.514829517846	0.645387365482	0.623211023301	0.63373060367	0.683170319565	0.760512754379	0.549305749263	0.66702217529	0.47864994657	0.59392928351
M2Ikey217.141000	0.48891498832	0.757176544512	0.863955533328	0.593414918153	0.44050202582	0.421450362202	0.75699898937	0.703842712641	0.803737732731	0.457325239411	0.770695852026	0.747146752219	0.75519472855	0.518409981974	0.726167921926	0.475369476426	0.561205427633	0.738019786891	0.79939239601	0.787471170151	0.764721711804	0.0	0.793058945055	0.835054328014	0.784696108541	0.741148997704	0.824238920068	0.569469888317	0.771112751298	0.761925400052	0.732788774639	0.534589289267	0.749052838799	0.765932612556	0.775403236589	0.527840834997	0.772331640996	0.470656753934	0.526466183459	0.425473174525	0.448498203588	0.724137599409	0.778223780841	0.719129404879	0.738569377398	0.548131843986	0.417733842031	0.799217541477	0.572384540677	0.771210771575	0.522110140639	0.541201476788	0.733755784719	0.717457314892	0.756584104225	0.77662124404	0.474147468341	0.771432768147	0.43516146025	0.798909607536	0.383006455139	0.462157293972	0.790416165154	0.777886870897	0.770445645785	0.744875489759	0.535481829095	0.498750774268	0.490384512242	0.324371566264	0.743757711756	0.494111599603	0.748868009872	0.749137762131
M2Mkey217.141014	0.720658673344	0.521511005153	0.478335403267	0.651481517785	0.720496451926	0.733134833682	0.614461224109	0.472443939904	0.551499873465	0.743406848786	0.514246920835	0.626137868256	0.55720021554	0.716169810779	0.592392878221	0.736714009145	0.710146965591	0.582180092655	0.645478875932	0.593682833051	0.425305564212	0.793058945055	0.0	0.599598200272	0.520011383866	0.641867065352	0.562480079081	0.669564602221	0.573570540899	0.512069689578	0.510213620128	0.634116325253	0.40783542428	0.518875999119	0.655758308993	0.699428478393	0.623329452333	0.705831400563	0.686432800966	0.724299533306	0.769870070694	0.447202789959	0.603737892116	0.571014225774	0.591443008685	0.664643635001	0.759613482418	0.418401897833	0.693341821279	0.681856920328	0.741522021322	0.688956596523	0.569105155364	0.508761610771	0.513883054104	0.61023982115	0.755859430455	0.578319090478	0.727046082385	0.60498478541	0.767467023382	0.708186403206	0.453791149218	0.413788431987	0.459992891018	0.688361778189	0.653200077334	0.68865575941	0.725920284502	0.794544855201	0.602060917674	0.702054823308	0.543792984753	0.611117543005
M3Ckey217.141073	0.79162984455	0.654128743504	0.646852339384	0.706081964255	0.774350295575	0.776535297089	0.706172670088	0.589133203078	0.584975887584	0.790169521775	0.668764718678	0.689136564071	0.668343460613	0.817192471629	0.67871064219	0.796026844535	0.80426829165	0.639599088317	0.67259222313	0.641562891788	0.584621337154	0.835054328014	0.599598200272	0.0	0.697096334099	0.660332470113	0.497681032147	0.753081336914	0.554966927101	0.620582288718	0.632351925061	0.708424339352	0.579441628839	0.591944817938	0.720865167135	0.758241658232	0.695097168676	0.785134285934	0.760063198237	0.78167482379	0.810445579814	0.587476595192	0.645058859878	0.675969021021	0.701747315058	0.737929176986	0.810921286222	0.681623150349	0.766238539989	0.729943934494	0.789358134612	0.768549316963	0.626170021578	0.609873925972	0.610204582261	0.699175596974	0.804248209114	0.677701765536	0.780062377575	0.654628759272	0.839540222889	0.780549378805	0.60530389795	0.651691125605	0.684092560109	0.743964006297	0.74140679972	0.730498173402	0.797343409009	0.852490134043	0.689937161131	0.753218478996	0.644266695949	0.707402069069
M3Space217.141098	0.709287012364	0.543114961984	0.6102294982	0.675460804244	0.736492834869	0.753552126101	0.683178037985	0.595924306563	0.62437438767	0.740178143607	0.668008227713	0.688127548323	0.584047726574	0.721695249687	0.659799244143	0.759436448009	0.745803312235	0.646657489275	0.676978379268	0.656046814709	0.519258570618	0.784696108541	0.520011383866	0.697096334099	0.0	0.69708308037	0.654330902338	0.705557119123	0.65640936778	0.510091477921	0.611127453392	0.682997864319	0.582831046384	0.504853640152	0.664194922195	0.711181389761	0.682538046964	0.719293031008	0.719086094251	0.752416776202	0.726698767554	0.526128390283	0.697891842346	0.64845547362	0.683967608381	0.694334557641	0.757509379852	0.595513142876	0.73512100937	0.709570992578	0.733637288686	0.72823264342	0.638748484933	0.616740019267	0.571053014906	0.659930743474	0.766461971269	0.661242599696	0.750818828231	0.682231785961	0.799428247258	0.755294009955	0.557058128689	0.571726580578	0.580797807724	0.737525482089	0.696192238294	0.723802871546	0.752044878208	0.791318674398	0.657421254341	0.732932776485	0.601497957878	0.623082043656
M9Xkey217.141072	0.662110223069	0.606086265876	0.715186544647	0.580880872521	0.646293409567	0.679646354167	0.556629288052	0.58842408685	0.628699951601	0.662714954087	0.567815600981	0.611850359528	0.648091732586	0.722733894139	0.487333177547	0.691580951372	0.643458512807	0.46689449763	0.662256650476	0.561184760383	0.573578219574	0.741148997704	0.641867065352	0.660332470113	0.69708308037	0.0	0.752771651084	0.601319594876	0.647107069823	0.566257783669	0.547776157926	0.616849273879	0.548409537331	0.579829110882	0.555876173896	0.614337115612	0.570198391564	0.685495230546	0.611322876818	0.645330977458	0.688534819869	0.618255578093	0.560652569161	0.541063950206	0.496061688544	0.622605567592	0.670264371978	0.684443805123	0.665806142907	0.583366500202	0.67465384232	0.63956147459	0.513870813179	0.583237995858	0.570090098306	0.631908944468	0.663725512738	0.562427203278	0.667005521712	0.541839451811	0.753315167392	0.641835237734	0.608103715628	0.615746210721	0.689419148264	0.623771476789	0.597074670914	0.593597306466	0.670096625953	0.753742642017	0.573459943803	0.644740359996	0.463070501128	0.563829903506
M2Vkey217.141022	0.780009382988	0.596728412069	0.620321670412	0.710426640305	0.775195792167	0.796046426828	0.706677338279	0.564773854297	0.589302896713	0.795145721168	0.636611984639	0.683893847588	0.619463901253	0.766687732673	0.700850679067	0.806823690333	0.788347605874	0.696249466606	0.674567012595	0.676298171423	0.623513126067	0.824238920068	0.562480079081	0.497681032147	0.654330902338	0.752771651084	0.0	0.732917894128	0.546835812354	0.642975893599	0.630408014139	0.729028044654	0.60970176241	0.573256871445	0.761759905626	0.783836249025	0.720229498317	0.770410193306	0.746428160837	0.800807385639	0.818055291488	0.465865086294	0.61575671073	0.65375718683	0.697902890075	0.751613859601	0.80774004114	0.635062295661	0.770584857639	0.725242608489	0.782577835308	0.756914917248	0.670572822388	0.605910508	0.62155277796	0.621482322663	0.808748644403	0.710719276344	0.782822437597	0.688162319435	0.820315481574	0.791097770452	0.601799171381	0.636072023309	0.585572538577	0.735643411736	0.754522993897	0.757359760159	0.785018601151	0.834611396532	0.729759832693	0.746664331965	0.706791971322	0.710861917726
M2Rkey217.141050	0.456738139979	0.64244824152	0.753235011087	0.451311899423	0.482536979265	0.50473814649	0.659130782102	0.583344048984	0.696515975232	0.485986671853	0.667566093216	0.653252616518	0.670521495246	0.506863193509	0.590149596789	0.489091191458	0.452040769896	0.61601897471	0.729263683806	0.682138129908	0.646460265916	0.569469888317	0.669564602221	0.753081336914	0.705557119123	0.601319594876	0.732917894128	0.0	0.641296757475	0.672784244657	0.646080664521	0.453124916539	0.641086908202	0.63945829446	0.680399275407	0.467971530249	0.65940022609	0.519947035784	0.427744133187	0.482655352321	0.525626276976	0.631830938814	0.677852981094	0.603091954548	0.583618160652	0.470520281972	0.467987554405	0.729205870499	0.453333801811	0.656165391437	0.504224884225	0.42616099106	0.621702096033	0.586435091924	0.641563621807	0.701907679595	0.484980060021	0.643814007848	0.466415699002	0.68072335814	0.596982220246	0.456039146134	0.651280668907	0.684185440203	0.630411167129	0.680840948159	0.421239576202	0.451828512915	0.512750125076	0.568155541774	0.631763167524	0.429968855656	0.595043624908	0.632319248948
M2Pkey217.141105	0.69004604658	0.554371416247	0.643311703165	0.586333678169	0.695443368088	0.72287070003	0.628810422695	0.481375175047	0.523519731735	0.691839073766	0.636509742101	0.636016443648	0.560085767228	0.729568350479	0.5801239092	0.720432974419	0.699894768637	0.593272367881	0.643372282167	0.566729435864	0.537020810635	0.771112751298	0.573570540899	0.554966927101	0.65640936778	0.647107069823	0.546835812354	0.641296757475	0.0	0.579495921739	0.567841635488	0.621637919598	0.483445337602	0.538755063158	0.667051143302	0.686801400023	0.629707403361	0.686212804335	0.661521922326	0.695738551517	0.74243515937	0.461940993081	0.600481563312	0.553988030328	0.591298311201	0.641466434242	0.716163135828	0.668689952411	0.668853634745	0.657134018567	0.708774201251	0.67819587048	0.553424179713	0.525265149507	0.552367084264	0.621326395541	0.715567488144	0.626620608051	0.69413449341	0.627130917217	0.770496957717	0.678246072257	0.484390398489	0.606474455684	0.616530823309	0.702614048789	0.632879364526	0.661893207744	0.688744634864	0.780567864183	0.64496039137	0.666418362674	0.568559197598	0.700528827196
M2Lkey217.141048	0.704041997308	0.506090863441	0.587521947479	0.630112350454	0.68831695017	0.722494422895	0.514748246293	0.474189904934	0.531884872216	0.708726633069	0.503935638136	0.617055008833	0.51748146531	0.71029182917	0.490101642728	0.732958074739	0.717883824094	0.527391228419	0.644428761042	0.569400030063	0.410880505535	0.761925400052	0.512069689578	0.620582288718	0.510091477921	0.566257783669	0.642975893599	0.672784244657	0.579495921739	0.0	0.519049943887	0.614260045149	0.405295946311	0.366815285314	0.550743613185	0.66282849617	0.568613811319	0.669894803095	0.678752656655	0.699202955721	0.71365215613	0.454658317913	0.566510085196	0.505247657709	0.600710276337	0.659992002769	0.73231601131	0.567003094151	0.6765291886	0.597308853967	0.697284119834	0.679525859506	0.486599292336	0.500531138782	0.439124237824	0.604545975634	0.729614984042	0.5908277678	0.694359497321	0.584116931867	0.776682455062	0.697238208472	0.49874566533	0.512930071492	0.568324839342	0.628106246992	0.649135976356	0.65636132456	0.712621327671	0.777923654866	0.568049168141	0.700249442238	0.502919373866	0.535779978851
M2Qkey217.141102	0.662526357148	0.482496668046	0.673763887524	0.595727304682	0.655474752593	0.692778529146	0.554640559043	0.502072990642	0.555417645199	0.680785586502	0.422258505333	0.544880270834	0.540911394899	0.683139322678	0.479207858383	0.702827498151	0.691019091744	0.432890070456	0.563306286054	0.564127748977	0.469421573887	0.732788774639	0.510213620128	0.632351925061	0.611127453392	0.547776157926	0.630408014139	0.646080664521	0.567841635488	0.519049943887	0.0	0.60472081085	0.426024369496	0.522009169406	0.576786076635	0.664779340461	0.548948271465	0.67058410627	0.647128535916	0.675104632434	0.721716387257	0.482202162097	0.521869526565	0.520810363967	0.515338129655	0.62532432265	0.692009293751	0.560587794912	0.6699855927	0.609817355089	0.696040697921	0.669652931593	0.412233871559	0.435475577868	0.472101767219	0.517087459732	0.699412138174	0.551204682436	0.665586561368	0.531662452248	0.735656011064	0.659440958744	0.57256685227	0.477876873573	0.582325678713	0.616729697405	0.619971176716	0.628982644825	0.679243256523	0.745742873526	0.513044198037	0.662491322718	0.507567265351	0.553022984932
M2Kkey217.141041	0.475444967842	0.610192719773	0.727047391838	0.427350109681	0.444785204865	0.473511513122	0.592658435424	0.542193936682	0.657376290172	0.473609797188	0.642694626936	0.616314550682	0.592249549416	0.503647178467	0.561851929908	0.47115158742	0.510460553768	0.57427447815	0.684552588561	0.615709768286	0.587856825425	0.534589289267	0.634116325253	0.708424339352	0.682997864319	0.616849273879	0.729028044654	0.453124916539	0.621637919598	0.614260045149	0.60472081085	0.0	0.567733395637	0.614509723418	0.635973967339	0.486710025345	0.65018173428	0.496330444736	0.435162861316	0.4362949126	0.50926698827	0.562302368264	0.663384086708	0.539177290396	0.579347354893	0.389572947238	0.468145517708	0.658885482559	0.474944125804	0.630064428578	0.484709806313	0.47107341201	0.566354348195	0.563729790503	0.593918934549	0.650918005158	0.50747664857	0.608159265856	0.448542029631	0.661441893831	0.56465167845	0.420684048458	0.618875300046	0.63245646629	0.632052093324	0.672268100326	0.408179621488	0.426271272316	0.481869374459	0.547567635472	0.64592518599	0.459438814312	0.576091449172	0.634281567709
M2Xkey217.141016	0.655301145984	0.483166264095	0.537919965918	0.543597653718	0.657973681436	0.686312580862	0.485505957158	0.427808633751	0.456649095788	0.678195821261	0.457377893672	0.579884881598	0.50291879187	0.691018289576	0.488203549313	0.688575931452	0.665748851355	0.47704348457	0.605484790782	0.507841000402	0.398089299689	0.749052838799	0.40783542428	0.579441628839	0.582831046384	0.548409537331	0.60970176241	0.641086908202	0.483445337602	0.405295946311	0.426024369496	0.567733395637	0.0	0.46406121135	0.564863334859	0.639336686859	0.532521123096	0.651099690897	0.625453374205	0.661021370973	0.721657062109	0.394293567697	0.527264192029	0.492256187288	0.534014020992	0.591695628075	0.692786705235	0.512395578837	0.640696350502	0.594258739196	0.685339581566	0.635549092511	0.499435582874	0.390224479099	0.437976073233	0.576104323597	0.696463574988	0.492608591686	0.652679697042	0.514116715046	0.730094333684	0.638468449034	0.49895553044	0.41340954828	0.544603574043	0.622231554318	0.589843622415	0.619378906482	0.65689497155	0.754786587371	0.575228342523	0.666147316138	0.438520104596	0.569498943104
M2Ekey217.141011	0.682530840365	0.456682268521	0.601526739214	0.619881050736	0.682133702806	0.726431514346	0.554353907537	0.424123388184	0.494400761934	0.697601567102	0.540695960939	0.585791571337	0.453942134382	0.691784453058	0.558409866134	0.712069955484	0.703291523179	0.536894626396	0.634142341099	0.568822363871	0.426518115055	0.765932612556	0.518875999119	0.591944817938	0.504853640152	0.579829110882	0.573256871445	0.63945829446	0.538755063158	0.366815285314	0.522009169406	0.614509723418	0.46406121135	0.0	0.57841648001	0.646579620298	0.589226225458	0.686348941608	0.645165357688	0.695957320964	0.707205864462	0.392171796473	0.562228082013	0.506035766511	0.555342311971	0.633983291816	0.71349281398	0.550259276087	0.667858494044	0.602023842528	0.686444845288	0.660869710606	0.505541756514	0.495166167684	0.471888429707	0.602838190105	0.729694776573	0.610108300186	0.692248543694	0.599442532002	0.766109962295	0.687897109644	0.499291305221	0.527855298997	0.562827945968	0.62206860167	0.6323267871	0.661208108723	0.687379997145	0.774165262571	0.599838176557	0.689535162661	0.513409541697	0.584846737425
