	M9Mkey217.141007	M3Nkey217.141001	M3Ekey217.141042	M3Rkey217.141025	M9Ekey217.141044	M3Qkey217.141051	M2Ekey217.141011	M2Enter217.141012	M2Hkey217.141026	M9Ykey217.141029	M3Hkey217.141093	M2Ykey217.141095	M9Fkey217.141065	M2Vkey217.141022	M3Zkey217.141083	M9Okey217.141076	M9Gkey217.141099	M3Lkey217.141097	M2Pkey217.141105	M3Lsft217.141088	M9Skey217.141004	M3Wkey217.141104	M3Pkey217.141031	M2Wkey217.141070	M2Mkey217.141014	M9Enter217.141084	M2Ukey217.141085	M9Vkey217.141018	M9Dkey217.141053	M2Tkey217.141054	M2Fkey217.141078	M2Jkey217.141038	M2Ckey217.141092	M2Qkey217.141102	M2Gkey217.141106	M3Tkey217.141081	M3Space217.141098	M9Space217.141079	M3Ckey217.141073	M2Ikey217.141000	M2Lkey217.141048	M9Kkey217.141033	M2Lsft217.141056	M9Nkey217.141010	M9Hkey217.140999	M2Rkey217.141050	M3Jkey217.141017	M9Pkey217.141096	M3Bkey217.141059	M2Kkey217.141041	M2Xkey217.141016	M3Ykey217.141023	M9Bkey217.141032	M2Space217.140997	M2Okey217.141061	M3Rsft217.140995	M9Ckey217.141013	M3Xkey217.141055	M9Qkey217.141019	M2Rsft217.141034	M2Bkey217.141063	M9Akey217.141086	M2Akey217.141030	M2Dkey217.140994	M3Akey217.141006	M2Zkey217.141015	M9Xkey217.141072	M2Skey217.141089	M3Mkey217.141107	M3Gkey217.141037	M2Nkey217.141052	M9Wkey217.141090	M3Vkey217.141028	M3Kkey217.141046
M9Mkey217.141007	0.0	0.683173731147	0.740071786072	0.707098071556	0.688594648292	0.650395115056	0.453942134382	0.560085767228	0.557065324432	0.772349243681	0.663416460711	0.640918339535	0.592249549416	0.585054523732	0.52387236909	0.630948022867	0.520136826402	0.465645249156	0.468446599296	0.527657157743	0.51748146531	0.71389950296	0.617967301584	0.585492666234	0.591491616102	0.527160861367	0.682741146648	0.682851892147	0.673703307611	0.620378555245	0.67391602211	0.678805952185	0.681622221144	0.762825558554	0.708880592515	0.540911394899	0.462714290375	0.512498652061	0.619463901253	0.50291879187	0.664670681712	0.563666948021	0.604342960182	0.587881455163	0.60776743337	0.580199809635	0.592691109768	0.466469643197	0.565927437675	0.670615758843	0.628095876509	0.648091732586	0.668343460613	0.490262276028	0.553159695744	0.670521495246	0.75519472855	0.705604117284	0.71719616991	0.644768311785	0.657413147928	0.697641683836	0.690889523957	0.585777517412	0.537017706488	0.599838608242	0.600056790434	0.611823030753	0.584047726574	0.55720021554	0.669670579602	0.548326240632	0.584777802199	0.550046866137
M3Nkey217.141001	0.683173731147	0.0	0.458183177009	0.469239225655	0.393324336717	0.75137258482	0.687897109644	0.678246072257	0.672615136096	0.463669880932	0.365866751742	0.408879795054	0.420684048458	0.732099907493	0.617539193533	0.656043682309	0.648052628721	0.675201970927	0.693811844356	0.672914033873	0.697238208472	0.450999494203	0.467645817733	0.710046560605	0.696485534535	0.661262883887	0.384355725689	0.448772890033	0.451175806345	0.411469609044	0.419797643898	0.425306154388	0.464185089562	0.466323406782	0.396861577482	0.659440958744	0.616948051207	0.603147317155	0.791097770452	0.638468449034	0.387830299472	0.700722414414	0.687064263625	0.663478545541	0.756820754492	0.60179802039	0.626819019455	0.705786947439	0.722503095131	0.400657330342	0.68245183329	0.641835237734	0.780549378805	0.720227533145	0.743756975181	0.456039146134	0.462157293972	0.440384108438	0.437207816038	0.395060820612	0.412617224676	0.423094520957	0.410014892582	0.672257304599	0.657306395174	0.703826304555	0.662265280808	0.684354838886	0.755294009955	0.708186403206	0.386328539958	0.631046985199	0.696621549823	0.613951767524
M3Ekey217.141042	0.740071786072	0.458183177009	0.0	0.446000043191	0.46189626858	0.832733160963	0.707205864462	0.74243515937	0.756411725003	0.452935821886	0.457239102522	0.46241221436	0.50926698827	0.770851880431	0.673930737565	0.721476667307	0.698197984872	0.719633115858	0.75748110583	0.697800687405	0.71365215613	0.480812571259	0.526948040182	0.768448524804	0.77417657729	0.720369902253	0.368519952649	0.494202748798	0.525963025742	0.514310780107	0.446532238318	0.464895519219	0.55589570719	0.463125677204	0.431260987351	0.721716387257	0.695491195154	0.687599901269	0.818055291488	0.721657062109	0.474067893086	0.763163489761	0.746154659819	0.713593645641	0.788965020672	0.650978882208	0.671540862738	0.741396536803	0.747695422305	0.42723224411	0.705589505051	0.688534819869	0.810445579814	0.780460276115	0.786076148212	0.525626276976	0.448498203588	0.47275545429	0.439072173763	0.438913104291	0.476644092426	0.466725876518	0.420313397026	0.715482592519	0.724872659677	0.749970100117	0.734627735858	0.703804200688	0.726698767554	0.769870070694	0.448279940805	0.69511633056	0.740540742573	0.670069223665
M3Rkey217.141025	0.707098071556	0.469239225655	0.446000043191	0.0	0.452523119306	0.809018397374	0.686444845288	0.708774201251	0.725924555493	0.496128290489	0.42477470652	0.449165227341	0.484709806313	0.749797744227	0.638374689623	0.675340241351	0.677250702563	0.714082651505	0.74057718046	0.668965171664	0.697284119834	0.473435867111	0.496008525242	0.742337550115	0.719234931136	0.683580959847	0.450222243176	0.511872695757	0.445267044001	0.455034991724	0.435922779295	0.438342860997	0.527165058675	0.525528822928	0.421103862391	0.696040697921	0.651823397219	0.647219047209	0.782577835308	0.685339581566	0.445585542763	0.72294037643	0.687573561392	0.718339704865	0.766915448239	0.64349982366	0.622708747286	0.715442665711	0.74771098379	0.470278592691	0.691669468819	0.67465384232	0.789358134612	0.742391063031	0.767925052741	0.504224884225	0.522110140639	0.452352951734	0.41618831523	0.444779538948	0.465137294346	0.449422841941	0.420674451488	0.685519217845	0.691888045665	0.687512663422	0.683082659051	0.6962513396	0.733637288686	0.741522021322	0.438762764391	0.663257163584	0.710466045061	0.649301128615
M9Ekey217.141044	0.688594648292	0.393324336717	0.46189626858	0.452523119306	0.0	0.765468966506	0.687379997145	0.688744634864	0.684571380655	0.500415660317	0.446633732149	0.467409794061	0.481869374459	0.737630616957	0.643771458125	0.656222669021	0.66613880371	0.689620731219	0.716459250959	0.660089614625	0.712621327671	0.471495211639	0.495923996285	0.72445141145	0.70782303645	0.683170319565	0.422707007648	0.478176200398	0.471906674296	0.42673575056	0.443733839968	0.494977245442	0.484074893082	0.442157859316	0.408531997655	0.679243256523	0.642289372385	0.625473092034	0.785018601151	0.65689497155	0.478357248188	0.70774212467	0.707833647053	0.696183112822	0.770412789164	0.61931598835	0.632541083513	0.72293427651	0.714125442603	0.468264122628	0.680810638582	0.670096625953	0.797343409009	0.724851507383	0.728403874822	0.512750125076	0.490384512242	0.475533659774	0.463442646609	0.438024610544	0.473715443263	0.428328890785	0.400789763048	0.678508672383	0.670740018426	0.72080001816	0.666578689656	0.675867540307	0.752044878208	0.725920284502	0.354800008407	0.640941064285	0.694962207769	0.621292938808
M3Qkey217.141051	0.650395115056	0.75137258482	0.832733160963	0.809018397374	0.765468966506	0.0	0.601526739214	0.643311703165	0.563818006713	0.871757400696	0.75614202283	0.738137529452	0.727047391838	0.648033687713	0.68389100196	0.697296357344	0.685435947596	0.596323536057	0.565235232642	0.624531898123	0.587521947479	0.779925164729	0.728973009296	0.600013259717	0.621913749646	0.582067369498	0.800040183468	0.8025472432	0.762551491195	0.732237329562	0.782470285906	0.789353787076	0.771176325755	0.83818385135	0.814441909723	0.673763887524	0.635807119985	0.630495079985	0.620321670412	0.537919965918	0.768748889016	0.616034240316	0.671070205062	0.653850438223	0.659932082421	0.66984934344	0.641276129926	0.618960283108	0.535310739979	0.812416572252	0.707479371607	0.715186544647	0.646852339384	0.570450477514	0.584251438365	0.753235011087	0.863955533328	0.792218584404	0.809336076094	0.769398506745	0.760965426115	0.807123204589	0.797788018082	0.6997651464	0.667928575696	0.727702811762	0.631907278533	0.679083387723	0.6102294982	0.478335403267	0.789307174555	0.635829889337	0.642160745201	0.645802885284
M2Ekey217.141011	0.453942134382	0.687897109644	0.707205864462	0.686444845288	0.687379997145	0.601526739214	0.0	0.538755063158	0.562827945968	0.774165262571	0.646579620298	0.633983291816	0.614509723418	0.602838190105	0.555342311971	0.602023842528	0.505541756514	0.392171796473	0.527855298997	0.471888429707	0.366815285314	0.703291523179	0.619881050736	0.562228082013	0.599442532002	0.426518115055	0.695957320964	0.686348941608	0.667858494044	0.6323267871	0.682530840365	0.689535162661	0.691784453058	0.766109962295	0.71349281398	0.522009169406	0.424123388184	0.495166167684	0.573256871445	0.46406121135	0.645165357688	0.540695960939	0.589226225458	0.584846737425	0.634142341099	0.558409866134	0.513409541697	0.456682268521	0.499291305221	0.697601567102	0.57841648001	0.579829110882	0.591944817938	0.494400761934	0.550259276087	0.63945829446	0.765932612556	0.712069955484	0.729694776573	0.661208108723	0.660869710606	0.726431514346	0.692248543694	0.585791571337	0.554353907537	0.62206860167	0.610108300186	0.599838176557	0.504853640152	0.518875999119	0.682133702806	0.536894626396	0.568822363871	0.506035766511
M2Enter217.141012	0.560085767228	0.678246072257	0.74243515937	0.708774201251	0.688744634864	0.643311703165	0.538755063158	0.0	0.616530823309	0.780567864183	0.686801400023	0.641466434242	0.621637919598	0.621326395541	0.591298311201	0.657134018567	0.553424179713	0.461940993081	0.606474455684	0.552367084264	0.579495921739	0.699894768637	0.586333678169	0.600481563312	0.627130917217	0.537020810635	0.695738551517	0.686212804335	0.668853634745	0.632879364526	0.69004604658	0.666418362674	0.729568350479	0.770496957717	0.716163135828	0.567841635488	0.481375175047	0.525265149507	0.546835812354	0.483445337602	0.661521922326	0.636509742101	0.629707403361	0.700528827196	0.643372282167	0.5801239092	0.568559197598	0.554371416247	0.484390398489	0.691839073766	0.667051143302	0.647107069823	0.554966927101	0.523519731735	0.668689952411	0.641296757475	0.771112751298	0.720432974419	0.715567488144	0.661893207744	0.67819587048	0.72287070003	0.69413449341	0.636016443648	0.628810422695	0.702614048789	0.626620608051	0.64496039137	0.65640936778	0.573570540899	0.695443368088	0.593272367881	0.566729435864	0.553988030328
M2Hkey217.141026	0.557065324432	0.672615136096	0.756411725003	0.725924555493	0.684571380655	0.563818006713	0.562827945968	0.616530823309	0.0	0.780372453274	0.685891034343	0.648697490128	0.632052093324	0.669920403976	0.622322514131	0.654723281217	0.600394993611	0.540326556105	0.500544835266	0.587675222399	0.568324839342	0.682286422728	0.64700268341	0.655418541436	0.660929831687	0.514829517846	0.716433875879	0.689759694175	0.657486554744	0.633226435427	0.700488315633	0.68405731577	0.676733992848	0.737805317815	0.747728278503	0.582325678713	0.533678515479	0.516840453652	0.585572538577	0.544603574043	0.674470200617	0.57355347045	0.628445329242	0.606466634592	0.682748048889	0.630821044054	0.608161743511	0.560513052336	0.589245759729	0.7230060255	0.698136094221	0.689419148264	0.684092560109	0.596968409269	0.575776277591	0.630411167129	0.770445645785	0.726956418301	0.739296624134	0.673226173352	0.678404435134	0.721536017387	0.721394323828	0.607996916569	0.598459651612	0.683347331262	0.591065481486	0.640540272389	0.580797807724	0.459992891018	0.70744409999	0.641250505896	0.6821551656	0.583990256903
M9Ykey217.141029	0.772349243681	0.463669880932	0.452935821886	0.496128290489	0.500415660317	0.871757400696	0.774165262571	0.780567864183	0.780372453274	0.0	0.527801028942	0.550733574723	0.547567635472	0.785143181777	0.749322909251	0.778687613289	0.742683711048	0.743299254621	0.787994630105	0.76150619268	0.777923654866	0.523899924875	0.607520188002	0.782998918154	0.810527328057	0.760512754379	0.399414457244	0.463718343304	0.561925525559	0.521137562708	0.456056468526	0.503309093747	0.496056213666	0.363631599437	0.408252747631	0.745742873526	0.712869085657	0.730634412647	0.834611396532	0.754786587371	0.481605385867	0.781486287554	0.787185770218	0.767974503773	0.813558214778	0.738018593658	0.753326653224	0.766646991424	0.809343882309	0.455501491303	0.788414552463	0.753742642017	0.852490134043	0.804024540046	0.80058776807	0.568155541774	0.324371566264	0.429799552347	0.425186411431	0.486380978405	0.531141404171	0.388102686469	0.381635343229	0.76652166427	0.762410583708	0.765343594166	0.776980972729	0.763082150156	0.791318674398	0.794544855201	0.429739394811	0.75504210524	0.795592884065	0.74704178585
M3Hkey217.141093	0.663416460711	0.365866751742	0.457239102522	0.42477470652	0.446633732149	0.75614202283	0.646579620298	0.686801400023	0.685891034343	0.527801028942	0.0	0.436186946	0.486710025345	0.718178489971	0.573956861821	0.625987346359	0.625800556915	0.675599034762	0.689497235491	0.658845165386	0.66282849617	0.464368941959	0.453187977826	0.679661807403	0.677236571215	0.622290522707	0.4273054153	0.520007189052	0.444640954955	0.452870590881	0.415867425027	0.445158251154	0.551780994474	0.538911337732	0.423745119385	0.664779340461	0.599766925095	0.601034937047	0.783836249025	0.639336686859	0.416706833624	0.680369371713	0.666196230894	0.644846219051	0.740681572579	0.608156608339	0.573163164517	0.681473931762	0.716067235882	0.443366897281	0.623091874831	0.614337115612	0.758241658232	0.704388012283	0.718283772302	0.467971530249	0.527840834997	0.465510998639	0.445879681831	0.432742448259	0.449808614764	0.457877545874	0.458204716028	0.637938473885	0.626075762718	0.680411322844	0.64554623098	0.657050486923	0.711181389761	0.699428478393	0.433197751096	0.588256515642	0.675452224988	0.599180162783
M2Ykey217.141095	0.640918339535	0.408879795054	0.46241221436	0.449165227341	0.467409794061	0.738137529452	0.633983291816	0.641466434242	0.648697490128	0.550733574723	0.436186946	0.0	0.389572947238	0.683788009831	0.578418974422	0.612888722825	0.590131325285	0.620842447825	0.651772209463	0.632509380708	0.659992002769	0.481301255781	0.396302736228	0.674561079107	0.65938908271	0.625630485362	0.424320578662	0.510415137948	0.457032072587	0.443104673388	0.45081798545	0.477198218566	0.51030711415	0.542216465591	0.459689458569	0.62532432265	0.56377704051	0.562910404278	0.751613859601	0.591695628075	0.399491390511	0.65978364943	0.646142762653	0.646473934764	0.714198376988	0.567062125468	0.579519934519	0.641684817556	0.661852227668	0.462928077716	0.642678112241	0.622605567592	0.737929176986	0.682312307441	0.696183294733	0.470520281972	0.548131843986	0.450832422971	0.471014205553	0.401530280015	0.408982712452	0.499435615308	0.421481303186	0.638293561404	0.605572463144	0.691735298651	0.630358201465	0.601312651023	0.694334557641	0.664643635001	0.447214928078	0.579875261349	0.651997671498	0.571357937957
M9Fkey217.141065	0.592249549416	0.420684048458	0.50926698827	0.484709806313	0.481869374459	0.727047391838	0.614509723418	0.621637919598	0.632052093324	0.547567635472	0.486710025345	0.389572947238	0.0	0.650918005158	0.579347354893	0.630064428578	0.566354348195	0.562302368264	0.63245646629	0.593918934549	0.614260045149	0.510460553768	0.427350109681	0.663384086708	0.661441893831	0.587856825425	0.4362949126	0.496330444736	0.474944125804	0.408179621488	0.475444967842	0.459438814312	0.503647178467	0.56465167845	0.468145517708	0.60472081085	0.542193936682	0.563729790503	0.729028044654	0.567733395637	0.435162861316	0.642694626936	0.65018173428	0.634281567709	0.684552588561	0.561851929908	0.576091449172	0.610192719773	0.618875300046	0.473609797188	0.635973967339	0.616849273879	0.708424339352	0.657376290172	0.658885482559	0.453124916539	0.534589289267	0.47115158742	0.50747664857	0.426271272316	0.47107341201	0.473511513122	0.448542029631	0.616314550682	0.592658435424	0.672268100326	0.608159265856	0.64592518599	0.682997864319	0.634116325253	0.444785204865	0.57427447815	0.615709768286	0.539177290396
M2Vkey217.141022	0.585054523732	0.732099907493	0.770851880431	0.749797744227	0.737630616957	0.648033687713	0.602838190105	0.621326395541	0.669920403976	0.785143181777	0.718178489971	0.683788009831	0.650918005158	0.0	0.536609299945	0.661734564874	0.479428936377	0.522855919948	0.565993447566	0.60193595635	0.604545975634	0.736905265815	0.653296638528	0.534808529658	0.54518423817	0.58796375302	0.734910373128	0.688051651714	0.723714458447	0.679095120164	0.713478068486	0.712681350899	0.704974935535	0.783209619495	0.745704015933	0.517087459732	0.554804091141	0.553781250284	0.621482322663	0.576104323597	0.712568641835	0.509541465565	0.637081234516	0.629728464783	0.547113562138	0.606109103242	0.582541752033	0.497573858954	0.558778271555	0.741872757753	0.619950210851	0.631908944468	0.699175596974	0.590073584588	0.62710078249	0.701907679595	0.77662124404	0.743670272511	0.744175067053	0.696598872197	0.720064688948	0.745369115276	0.725463911937	0.617010421917	0.533033053815	0.682821076344	0.611542691466	0.634814857551	0.659930743474	0.61023982115	0.714546261843	0.568789457395	0.539431983681	0.553325395639
M3Zkey217.141083	0.52387236909	0.617539193533	0.673930737565	0.638374689623	0.643771458125	0.68389100196	0.555342311971	0.591298311201	0.622322514131	0.749322909251	0.573956861821	0.578418974422	0.579347354893	0.536609299945	0.0	0.602720685917	0.458309955513	0.584857140736	0.556994699114	0.570140560105	0.600710276337	0.607064181948	0.580034310672	0.497551463076	0.534244436876	0.555914026728	0.631665792575	0.669614043944	0.62492257534	0.573643650053	0.606434115364	0.605380202947	0.686945102331	0.750719062641	0.632607939944	0.515338129655	0.552758207708	0.527109055826	0.697902890075	0.534014020992	0.593410714087	0.503210825041	0.548069154579	0.532977306288	0.591768686946	0.514188276814	0.485788431062	0.534695222108	0.590357023028	0.624309094165	0.540926535088	0.496061688544	0.701747315058	0.596498631792	0.63330719568	0.583618160652	0.738569377398	0.658184588907	0.652553824947	0.598416647956	0.603047864645	0.675557004395	0.648326769715	0.531054644197	0.508355882882	0.605694747883	0.552232879513	0.56305467403	0.683967608381	0.591443008685	0.651803357932	0.475773784041	0.539924513012	0.472635356638
M9Okey217.141076	0.630948022867	0.656043682309	0.721476667307	0.675340241351	0.656222669021	0.697296357344	0.602023842528	0.657134018567	0.654723281217	0.778687613289	0.625987346359	0.612888722825	0.630064428578	0.661734564874	0.602720685917	0.0	0.587056910707	0.611470902599	0.647537633287	0.605127636388	0.597308853967	0.657284106951	0.595447574947	0.654178810827	0.575956933652	0.592070604112	0.691092704429	0.718899973608	0.635941962444	0.631138235926	0.644186637371	0.668100565746	0.731281653147	0.763986541994	0.696530634984	0.609817355089	0.564861307884	0.552732205965	0.725242608489	0.594258739196	0.63579252791	0.637861891441	0.566006686369	0.605589992699	0.69864352337	0.558150715297	0.583269830762	0.623363772825	0.65145925621	0.691902266162	0.580221158662	0.583366500202	0.729943934494	0.639763491436	0.706357182916	0.656165391437	0.771210771575	0.693122324947	0.684044122529	0.632614921786	0.635963809563	0.706595072769	0.698023655562	0.572503304598	0.522305559162	0.61798651062	0.566195983467	0.569167036181	0.709570992578	0.681856920328	0.665731092546	0.56271502595	0.660167709112	0.516527024118
M9Gkey217.141099	0.520136826402	0.648052628721	0.698197984872	0.677250702563	0.66613880371	0.685435947596	0.505541756514	0.553424179713	0.600394993611	0.742683711048	0.625800556915	0.590131325285	0.566354348195	0.479428936377	0.458309955513	0.587056910707	0.0	0.494522581101	0.548166011578	0.470529514673	0.486599292336	0.66227250102	0.548256993759	0.492868953093	0.525069893408	0.513769696455	0.65013284964	0.633815681154	0.632491440622	0.600710010016	0.647157225616	0.654366457246	0.664885018627	0.737079799165	0.676775950724	0.412233871559	0.454803814663	0.469182902366	0.670572822388	0.499435582874	0.635835066909	0.500662222395	0.528589079629	0.577776237349	0.550440389019	0.505477763275	0.466011075129	0.447511968997	0.556614727914	0.662898734073	0.539472191201	0.513870813179	0.626170021578	0.580703477766	0.61342672378	0.621702096033	0.733755784719	0.680011440413	0.688960851617	0.607384769492	0.647612483224	0.670460174883	0.648036912784	0.553906801196	0.436469293452	0.617509651345	0.548636214409	0.534182819286	0.638748484933	0.569105155364	0.621631260582	0.369321383212	0.483709237787	0.444423762816
M3Lkey217.141097	0.465645249156	0.675201970927	0.719633115858	0.714082651505	0.689620731219	0.596323536057	0.392171796473	0.461940993081	0.540326556105	0.743299254621	0.675599034762	0.620842447825	0.562302368264	0.522855919948	0.584857140736	0.611470902599	0.494522581101	0.0	0.500243777487	0.486156001469	0.454658317913	0.695309415749	0.571147217694	0.577180864428	0.610188743425	0.456785740753	0.698235086143	0.654028403144	0.677760470343	0.632699374532	0.663357430334	0.648564315377	0.671395984545	0.727698143431	0.698422110916	0.482202162097	0.3640215103	0.427924354594	0.465865086294	0.394293567697	0.627766323523	0.555410308738	0.599808879988	0.594863789058	0.623177732832	0.557088778763	0.562073284693	0.384075545425	0.475205404749	0.685485359419	0.631805562868	0.618255578093	0.587476595192	0.486461466082	0.539218797889	0.631830938814	0.724137599409	0.717564322825	0.725359473352	0.653452742652	0.673438353086	0.689235664611	0.683713675583	0.596373748468	0.548529040241	0.653096140792	0.604063652414	0.599109977593	0.526128390283	0.447202789959	0.663356351313	0.533572800936	0.576391333999	0.521125250608
M2Pkey217.141105	0.468446599296	0.693811844356	0.75748110583	0.74057718046	0.716459250959	0.565235232642	0.527855298997	0.606474455684	0.500544835266	0.787994630105	0.689497235491	0.651772209463	0.63245646629	0.565993447566	0.556994699114	0.647537633287	0.548166011578	0.500243777487	0.0	0.497211233274	0.512930071492	0.725288487886	0.636078902089	0.582034525277	0.564617567065	0.450379915159	0.71820410916	0.712388925712	0.669657245726	0.644249216619	0.70155755092	0.704095097289	0.725285061129	0.768436474799	0.729694951909	0.477876873573	0.515466249317	0.499136812435	0.636072023309	0.41340954828	0.689898472102	0.467844308311	0.57597871642	0.598134053902	0.569306766341	0.563497912496	0.529648072903	0.448511551046	0.509946034997	0.717990216523	0.607130290791	0.615746210721	0.651691125605	0.44661460888	0.475601326882	0.684185440203	0.777886870897	0.725057416989	0.73644110123	0.66229287737	0.683278124804	0.735504649763	0.710718016691	0.606687262058	0.537518934468	0.654980582979	0.571009436206	0.60243414115	0.571726580578	0.413788431987	0.704421273651	0.520025977911	0.584711002808	0.569664168748
M3Lsft217.141088	0.527657157743	0.672914033873	0.697800687405	0.668965171664	0.660089614625	0.624531898123	0.471888429707	0.552367084264	0.587675222399	0.76150619268	0.658845165386	0.632509380708	0.593918934549	0.60193595635	0.570140560105	0.605127636388	0.470529514673	0.486156001469	0.497211233274	0.0	0.439124237824	0.683530444646	0.59446370553	0.595836859063	0.587542291341	0.459621595249	0.673162716749	0.675736599316	0.656059348978	0.619662212133	0.640984137261	0.666753925355	0.690548582957	0.757993488454	0.707756507481	0.472101767219	0.500526297583	0.463835514447	0.62155277796	0.437976073233	0.634244579711	0.523043313825	0.526912009745	0.600404788092	0.630332486293	0.547051517661	0.513073032815	0.532804721309	0.500451847585	0.670163153501	0.579573439972	0.570090098306	0.610204582261	0.479143747907	0.524532250522	0.641563621807	0.756584104225	0.714562670739	0.702226827669	0.620482854674	0.644575363603	0.704023943151	0.677913916376	0.579863329221	0.549709654247	0.631367008697	0.573328699197	0.545371051849	0.571053014906	0.513883054104	0.652057401581	0.468938295887	0.55306308033	0.479598501628
M9Skey217.141004	0.51748146531	0.697238208472	0.71365215613	0.697284119834	0.712621327671	0.587521947479	0.366815285314	0.579495921739	0.568324839342	0.777923654866	0.66282849617	0.659992002769	0.614260045149	0.604545975634	0.600710276337	0.597308853967	0.486599292336	0.454658317913	0.512930071492	0.439124237824	0.0	0.717883824094	0.630112350454	0.566510085196	0.584116931867	0.410880505535	0.699202955721	0.669894803095	0.6765291886	0.649135976356	0.704041997308	0.700249442238	0.71029182917	0.776682455062	0.73231601131	0.519049943887	0.474189904934	0.500531138782	0.642975893599	0.405295946311	0.678752656655	0.503935638136	0.568613811319	0.535779978851	0.644428761042	0.490101642728	0.502919373866	0.506090863441	0.49874566533	0.708726633069	0.550743613185	0.566257783669	0.620582288718	0.531884872216	0.567003094151	0.672784244657	0.761925400052	0.732958074739	0.729614984042	0.65636132456	0.679525859506	0.722494422895	0.694359497321	0.617055008833	0.514748246293	0.628106246992	0.5908277678	0.568049168141	0.510091477921	0.512069689578	0.68831695017	0.527391228419	0.569400030063	0.505247657709
M3Wkey217.141104	0.71389950296	0.450999494203	0.480812571259	0.473435867111	0.471495211639	0.779925164729	0.703291523179	0.699894768637	0.682286422728	0.523899924875	0.464368941959	0.481301255781	0.510460553768	0.736905265815	0.607064181948	0.657284106951	0.66227250102	0.695309415749	0.725288487886	0.683530444646	0.717883824094	0.0	0.512875028252	0.709780708079	0.700432633303	0.701695001929	0.456327524631	0.520120379093	0.477613509963	0.42487650251	0.428310464646	0.498276006979	0.53826641157	0.537089223523	0.458898335155	0.691019091744	0.639589777166	0.652897522469	0.788347605874	0.665748851355	0.469126294437	0.699804744644	0.699373343735	0.672453563372	0.776770631153	0.610865406599	0.629684456523	0.703229985922	0.724295263934	0.509529744697	0.690472323657	0.643458512807	0.80426829165	0.726726685024	0.767442786047	0.452040769896	0.561205427633	0.454973520394	0.464518659001	0.486776959854	0.445932545077	0.449141214963	0.432990401475	0.681130413978	0.671903900919	0.703707718841	0.674627297274	0.663669131149	0.745803312235	0.710146965591	0.466241178562	0.64468206115	0.689731275222	0.621961571564
M3Pkey217.141031	0.617967301584	0.467645817733	0.526948040182	0.496008525242	0.495923996285	0.728973009296	0.619881050736	0.586333678169	0.64700268341	0.607520188002	0.453187977826	0.396302736228	0.427350109681	0.653296638528	0.580034310672	0.595447574947	0.548256993759	0.571147217694	0.636078902089	0.59446370553	0.630112350454	0.512875028252	0.0	0.647283487705	0.631750219303	0.602600211314	0.45866170811	0.518229743964	0.447886967923	0.436730597206	0.481092676131	0.477933748242	0.534541624118	0.58523610178	0.51041230454	0.595727304682	0.503022594312	0.522293518174	0.710426640305	0.543597653718	0.424165840972	0.642261955289	0.632977907177	0.63065547986	0.707636805094	0.536504132577	0.559406988908	0.60483121537	0.636272020417	0.475539334239	0.624344486696	0.580880872521	0.706081964255	0.643872332055	0.67631582463	0.451311899423	0.593414918153	0.512058334744	0.503675698724	0.428892280997	0.442688400748	0.526235095997	0.464849765694	0.613032624695	0.583678815825	0.669558466109	0.573279501602	0.651829046141	0.675460804244	0.651481517785	0.477319743588	0.531766787023	0.609906048509	0.556573669616
M2Wkey217.141070	0.585492666234	0.710046560605	0.768448524804	0.742337550115	0.72445141145	0.600013259717	0.562228082013	0.600481563312	0.655418541436	0.782998918154	0.679661807403	0.674561079107	0.663384086708	0.534808529658	0.497551463076	0.654178810827	0.492868953093	0.577180864428	0.582034525277	0.595836859063	0.566510085196	0.709780708079	0.647283487705	0.0	0.491752383209	0.577488400447	0.707133509871	0.719962324633	0.709258029414	0.670841912525	0.709580859483	0.71240113312	0.724438825102	0.784413882637	0.733497434138	0.521869526565	0.553364081423	0.587326636492	0.61575671073	0.527264192029	0.683812682118	0.454313733653	0.576068264817	0.544325853562	0.509511004278	0.562421651376	0.522460747664	0.551942803924	0.578486431519	0.722634024301	0.585905447932	0.560652569161	0.645058859878	0.531963604413	0.632470811825	0.677852981094	0.778223780841	0.741091877027	0.735280564299	0.679294634046	0.700684520681	0.74225276619	0.726635465009	0.616211778907	0.559029061458	0.640924634505	0.575465008818	0.652260444761	0.697891842346	0.603737892116	0.715474799772	0.506549775321	0.493162923528	0.559715186237
M2Mkey217.141014	0.591491616102	0.696485534535	0.77417657729	0.719234931136	0.70782303645	0.621913749646	0.599442532002	0.627130917217	0.660929831687	0.810527328057	0.677236571215	0.65938908271	0.661441893831	0.54518423817	0.534244436876	0.575956933652	0.525069893408	0.610188743425	0.564617567065	0.587542291341	0.584116931867	0.700432633303	0.631750219303	0.491752383209	0.0	0.593678909679	0.723452226468	0.717986307472	0.701704287837	0.636899183291	0.7084139942	0.715083631508	0.73914577994	0.776717227675	0.734946179429	0.531662452248	0.588856023882	0.553042476561	0.688162319435	0.514116715046	0.683128330825	0.498140768902	0.574887394803	0.574855036356	0.540708578901	0.535154085652	0.5398740004	0.574666484569	0.583154492969	0.737401648858	0.575948498547	0.541839451811	0.654628759272	0.527403067592	0.641450509313	0.68072335814	0.798909607536	0.72170699368	0.729381980016	0.668438368448	0.682013246075	0.737511321931	0.719955281296	0.557745890956	0.548069257941	0.594377216666	0.511659984731	0.562070663492	0.682231785961	0.60498478541	0.71495433203	0.512942973801	0.507148144864	0.556924484228
M9Enter217.141084	0.527160861367	0.661262883887	0.720369902253	0.683580959847	0.683170319565	0.582067369498	0.426518115055	0.537020810635	0.514829517846	0.760512754379	0.622290522707	0.625630485362	0.587856825425	0.58796375302	0.555914026728	0.592070604112	0.513769696455	0.456785740753	0.450379915159	0.459621595249	0.410880505535	0.701695001929	0.602600211314	0.577488400447	0.593678909679	0.0	0.692908964095	0.678645720054	0.645591473961	0.623211023301	0.669968231418	0.66702217529	0.705340525283	0.751806690371	0.719550794614	0.469421573887	0.452634872183	0.430960010163	0.623513126067	0.398089299689	0.663542447612	0.529215445137	0.537717994201	0.59392928351	0.602336862432	0.546958813119	0.47864994657	0.484043243644	0.526748501348	0.702359361317	0.568983203956	0.573578219574	0.584621337154	0.477167784734	0.497533274048	0.646460265916	0.764721711804	0.706172511927	0.722479570265	0.63373060367	0.658854362165	0.699972752209	0.696614411149	0.531011878956	0.554753163294	0.645387365482	0.548415846727	0.549305749263	0.519258570618	0.425305564212	0.684149108988	0.506146543915	0.582226105835	0.536075147211
M2Ukey217.141085	0.682741146648	0.384355725689	0.368519952649	0.450222243176	0.422707007648	0.800040183468	0.695957320964	0.695738551517	0.716433875879	0.399414457244	0.4273054153	0.424320578662	0.4362949126	0.734910373128	0.631665792575	0.691092704429	0.65013284964	0.698235086143	0.71820410916	0.673162716749	0.699202955721	0.456327524631	0.45866170811	0.707133509871	0.723452226468	0.692908964095	0.0	0.4256229747	0.464460454821	0.406497751517	0.398267075557	0.416206410919	0.500668336619	0.452309934555	0.368368045292	0.675104632434	0.631082364771	0.627094916417	0.800807385639	0.661021370973	0.414270743102	0.712636224595	0.700451013428	0.686894216847	0.755312678482	0.630888318108	0.646707470731	0.695812453235	0.710483340375	0.358686734303	0.687368823412	0.645330977458	0.78167482379	0.743596529728	0.749829788393	0.482655352321	0.425473174525	0.399429463868	0.3805586007	0.347270428211	0.419809129942	0.403609927024	0.350678688544	0.683832449365	0.676838187902	0.699291109974	0.677075735807	0.676519012598	0.752416776202	0.724299533306	0.363249784159	0.656715817975	0.691770548311	0.641127156298
M9Vkey217.141018	0.682851892147	0.448772890033	0.494202748798	0.511872695757	0.478176200398	0.8025472432	0.686348941608	0.686212804335	0.689759694175	0.463718343304	0.520007189052	0.510415137948	0.496330444736	0.688051651714	0.669614043944	0.718899973608	0.633815681154	0.654028403144	0.712388925712	0.675736599316	0.669894803095	0.520120379093	0.518229743964	0.719962324633	0.717986307472	0.678645720054	0.4256229747	0.0	0.530528693878	0.4952840427	0.510282454707	0.50598694679	0.506120358343	0.444291961932	0.471573489917	0.67058410627	0.607326727644	0.647046716186	0.770410193306	0.651099690897	0.514956706542	0.685044941617	0.70271024875	0.699972616874	0.735433354385	0.65034419226	0.655625865698	0.661894280316	0.717950468138	0.476286254355	0.717812327551	0.685495230546	0.785134285934	0.7280204628	0.753976870357	0.519947035784	0.470656753934	0.483922067782	0.516993888502	0.488139191016	0.52254243311	0.496941342275	0.429168921246	0.672164708993	0.665303971026	0.719711867039	0.679683506237	0.690963770979	0.719293031008	0.705831400563	0.452869956946	0.649737713822	0.691818085838	0.646546598123
M9Dkey217.141053	0.673703307611	0.451175806345	0.525963025742	0.445267044001	0.471906674296	0.762551491195	0.667858494044	0.668853634745	0.657486554744	0.561925525559	0.444640954955	0.457032072587	0.474944125804	0.723714458447	0.62492257534	0.635941962444	0.632491440622	0.677760470343	0.669657245726	0.656059348978	0.6765291886	0.477613509963	0.447886967923	0.709258029414	0.701704287837	0.645591473961	0.464460454821	0.530528693878	0.0	0.437357183209	0.493031962726	0.469207424675	0.569626224064	0.559494557526	0.479013956973	0.6699855927	0.580512775968	0.595519524761	0.770584857639	0.640696350502	0.465493062874	0.684464279513	0.671725102052	0.684032105236	0.739558762995	0.609150475025	0.621963465527	0.676387247416	0.696617611054	0.488504239693	0.68583635432	0.665806142907	0.766238539989	0.699536926313	0.724687415681	0.453333801811	0.572384540677	0.459157091849	0.457097947587	0.439010043244	0.472015576813	0.487020842385	0.460719990934	0.665567314331	0.659611707351	0.708743528374	0.664120901565	0.680666573166	0.73512100937	0.693341821279	0.459192098581	0.621710299555	0.67462667655	0.615127691885
M2Tkey217.141054	0.620378555245	0.411469609044	0.514310780107	0.455034991724	0.42673575056	0.732237329562	0.6323267871	0.632879364526	0.633226435427	0.521137562708	0.452870590881	0.443104673388	0.408179621488	0.679095120164	0.573643650053	0.631138235926	0.600710010016	0.632699374532	0.644249216619	0.619662212133	0.649135976356	0.42487650251	0.436730597206	0.670841912525	0.636899183291	0.623211023301	0.406497751517	0.4952840427	0.437357183209	0.0	0.440889152007	0.473173911879	0.463158766109	0.54330359528	0.446981886917	0.619971176716	0.557796081067	0.54810255262	0.754522993897	0.589843622415	0.416764798506	0.6411863608	0.611450325162	0.642995556186	0.710854067428	0.55769813258	0.5465064021	0.642085461086	0.656032814587	0.468938665233	0.641875599907	0.597074670914	0.74140679972	0.663806037922	0.683695096486	0.421239576202	0.535481829095	0.443894695896	0.466330745386	0.416290071527	0.421691823146	0.460656898325	0.409795860436	0.618216244539	0.616173781712	0.666484034028	0.603754840024	0.637239235157	0.696192238294	0.653200077334	0.41881411073	0.5857639598	0.642294780295	0.549251498107
M2Fkey217.141078	0.67391602211	0.419797643898	0.446532238318	0.435922779295	0.443733839968	0.782470285906	0.682530840365	0.69004604658	0.700488315633	0.456056468526	0.415867425027	0.45081798545	0.475444967842	0.713478068486	0.606434115364	0.644186637371	0.647157225616	0.663357430334	0.70155755092	0.640984137261	0.704041997308	0.428310464646	0.481092676131	0.709580859483	0.7084139942	0.669968231418	0.398267075557	0.510282454707	0.493031962726	0.440889152007	0.0	0.434529256521	0.480915721661	0.536221707872	0.403289308112	0.662526357148	0.630486328858	0.603079361984	0.780009382988	0.655301145984	0.403462309285	0.711361616177	0.692998618408	0.677043574113	0.754469293118	0.645408350119	0.632406907166	0.693252567971	0.714692095914	0.423305140122	0.682248768578	0.662110223069	0.79162984455	0.711582906167	0.721367959451	0.456738139979	0.48891498832	0.414879506999	0.405357386196	0.400930020612	0.443394599758	0.402418366355	0.3879962485	0.674737863565	0.656666294312	0.687053987464	0.675753241588	0.668111804821	0.709287012364	0.720658673344	0.411366720963	0.63380965346	0.693542430439	0.610077875152
M2Jkey217.141038	0.678805952185	0.425306154388	0.464895519219	0.438342860997	0.494977245442	0.789353787076	0.689535162661	0.666418362674	0.68405731577	0.503309093747	0.445158251154	0.477198218566	0.459438814312	0.712681350899	0.605380202947	0.668100565746	0.654366457246	0.648564315377	0.704095097289	0.666753925355	0.700249442238	0.498276006979	0.477933748242	0.71240113312	0.715083631508	0.66702217529	0.416206410919	0.50598694679	0.469207424675	0.473173911879	0.434529256521	0.0	0.517421831972	0.524601375397	0.425839259128	0.662491322718	0.59782828716	0.613315611909	0.746664331965	0.666147316138	0.463138571974	0.709252949503	0.674461323651	0.675440972076	0.749547054857	0.604744982268	0.645234668938	0.676538525384	0.685681487011	0.440015799637	0.680129218086	0.644740359996	0.753218478996	0.715224094524	0.741945578564	0.429968855656	0.494111599603	0.458932707125	0.421373066735	0.425017765315	0.455087235179	0.460669704104	0.433627283709	0.673354883129	0.670997771984	0.702284386396	0.673103117178	0.668496238376	0.732932776485	0.702054823308	0.443819184078	0.647225396793	0.700963232648	0.63062113464
M2Ckey217.141092	0.681622221144	0.464185089562	0.55589570719	0.527165058675	0.484074893082	0.771176325755	0.691784453058	0.729568350479	0.676733992848	0.496056213666	0.551780994474	0.51030711415	0.503647178467	0.704974935535	0.686945102331	0.731281653147	0.664885018627	0.671395984545	0.725285061129	0.690548582957	0.71029182917	0.53826641157	0.534541624118	0.724438825102	0.73914577994	0.705340525283	0.500668336619	0.506120358343	0.569626224064	0.463158766109	0.480915721661	0.517421831972	0.0	0.512707323344	0.50868248257	0.683139322678	0.6250928232	0.649038581698	0.766687732673	0.691018289576	0.487682511382	0.714924143459	0.733441153484	0.71321632053	0.759520688368	0.686633670383	0.690926544626	0.672443308813	0.725967138342	0.487216177914	0.734077108373	0.722733894139	0.817192471629	0.753504500571	0.728242059159	0.506863193509	0.518409981974	0.524588658494	0.521433301752	0.521309744189	0.518765784831	0.475477785426	0.466812025265	0.704140769038	0.69161145303	0.733421299231	0.689616653904	0.736262639741	0.721695249687	0.716169810779	0.479032779752	0.680056677096	0.730376215937	0.67578361893
M2Qkey217.141102	0.762825558554	0.466323406782	0.463125677204	0.525528822928	0.442157859316	0.83818385135	0.766109962295	0.770496957717	0.737805317815	0.363631599437	0.538911337732	0.542216465591	0.56465167845	0.783209619495	0.750719062641	0.763986541994	0.737079799165	0.727698143431	0.768436474799	0.757993488454	0.776682455062	0.537089223523	0.58523610178	0.784413882637	0.776717227675	0.751806690371	0.452309934555	0.444291961932	0.559494557526	0.54330359528	0.536221707872	0.524601375397	0.512707323344	0.0	0.455333638712	0.735656011064	0.693055377768	0.715170375576	0.820315481574	0.730094333684	0.551366048948	0.762354887912	0.78008148163	0.76616836302	0.815545494454	0.724445632279	0.731544855521	0.76272204567	0.809819045983	0.517093694007	0.781201618867	0.753315167392	0.839540222889	0.783379810238	0.803503340073	0.596982220246	0.383006455139	0.4773162696	0.484456610099	0.5266451105	0.547014432375	0.463033685592	0.429610648915	0.749408139411	0.760156119746	0.760464475073	0.756234819133	0.756396663536	0.799428247258	0.767467023382	0.472595452053	0.735720806099	0.785856669216	0.737461188769
