	M9Ekey217.141044	M2Tkey217.141054	M2Gkey217.141106	M2Enter217.141012	M2Skey217.141089	M9Pkey217.141096	M9Fkey217.141065	M9Okey217.141076	M9Akey217.141086	M2Ckey217.141092	M2Ykey217.141095	M2Ukey217.141085	M2Nkey217.141052	M3Kkey217.141046	M3Ykey217.141023	M3Lkey217.141097	M3Bkey217.141059	M9Wkey217.141090	M9Nkey217.141010	M9Mkey217.141007	M9Bkey217.141032	M2Ikey217.141000	M2Mkey217.141014	M3Ckey217.141073	M3Space217.141098	M9Xkey217.141072	M2Vkey217.141022	M2Rkey217.141050	M2Pkey217.141105	M2Lkey217.141048	M2Qkey217.141102	M2Kkey217.141041	M2Xkey217.141016	M2Ekey217.141011	M2Fkey217.141078	M3Jkey217.141017	M9Gkey217.141099	M9Vkey217.141018	M9Kkey217.141033	M9Ckey217.141013	M2Hkey217.141026	M3Nkey217.141001	M3Akey217.141006	M3Mkey217.141107	M3Zkey217.141083	M3Rkey217.141025	M3Qkey217.141051	M9Enter217.141084	M9Dkey217.141053	M2Bkey217.141063	M3Wkey217.141104	M3Xkey217.141055	M9Space217.141079	M9Ykey217.141029	M9Qkey217.141019	M2Okey217.141061	M2Dkey217.140994	M2Zkey217.141015	M2Space217.140997	M2Lsft217.141056	M2Jkey217.141038	M2Wkey217.141070	M2Akey217.141030	M3Pkey217.141031	M3Ekey217.141042	M3Lsft217.141088	M3Hkey217.141093	M3Rsft217.140995	M9Hkey217.140999	M9Skey217.141004	M2Rsft217.141034	M3Gkey217.141037	M3Vkey217.141028	M3Tkey217.141081
M9Ekey217.141044	0.0	0.42673575056	0.408531997655	0.688744634864	0.675867540307	0.72293427651	0.481869374459	0.656222669021	0.428328890785	0.484074893082	0.467409794061	0.422707007648	0.354800008407	0.621292938808	0.670096625953	0.689620731219	0.714125442603	0.640941064285	0.696183112822	0.688594648292	0.797343409009	0.65689497155	0.70782303645	0.785018601151	0.642289372385	0.666578689656	0.737630616957	0.61931598835	0.716459250959	0.478357248188	0.442157859316	0.468264122628	0.680810638582	0.687379997145	0.443733839968	0.632541083513	0.66613880371	0.478176200398	0.70774212467	0.490384512242	0.684571380655	0.393324336717	0.670740018426	0.752044878208	0.643771458125	0.452523119306	0.765468966506	0.683170319565	0.471906674296	0.473715443263	0.471495211639	0.475533659774	0.625473092034	0.500415660317	0.463442646609	0.728403874822	0.678508672383	0.72080001816	0.724851507383	0.707833647053	0.494977245442	0.72445141145	0.400789763048	0.495923996285	0.46189626858	0.660089614625	0.446633732149	0.512750125076	0.770412789164	0.712621327671	0.438024610544	0.725920284502	0.694962207769	0.679243256523
M2Tkey217.141054	0.42673575056	0.0	0.446981886917	0.632879364526	0.637239235157	0.642085461086	0.408179621488	0.631138235926	0.460656898325	0.463158766109	0.443104673388	0.406497751517	0.41881411073	0.549251498107	0.597074670914	0.632699374532	0.656032814587	0.5857639598	0.642995556186	0.620378555245	0.74140679972	0.589843622415	0.636899183291	0.754522993897	0.557796081067	0.603754840024	0.679095120164	0.55769813258	0.644249216619	0.416764798506	0.54330359528	0.468938665233	0.641875599907	0.6323267871	0.440889152007	0.5465064021	0.600710010016	0.4952840427	0.6411863608	0.535481829095	0.633226435427	0.411469609044	0.616173781712	0.696192238294	0.573643650053	0.455034991724	0.732237329562	0.623211023301	0.437357183209	0.421691823146	0.42487650251	0.443894695896	0.54810255262	0.521137562708	0.466330745386	0.683695096486	0.618216244539	0.666484034028	0.663806037922	0.611450325162	0.473173911879	0.670841912525	0.409795860436	0.436730597206	0.514310780107	0.619662212133	0.452870590881	0.421239576202	0.710854067428	0.649135976356	0.416290071527	0.653200077334	0.642294780295	0.619971176716
M2Gkey217.141106	0.408531997655	0.446981886917	0.0	0.716163135828	0.687611405139	0.72474686222	0.468145517708	0.696530634984	0.394304734279	0.50868248257	0.459689458569	0.368368045292	0.373502794029	0.668611929416	0.670264371978	0.698422110916	0.753573241537	0.65971568435	0.702718597236	0.708880592515	0.810921286222	0.692786705235	0.734946179429	0.80774004114	0.658614659525	0.710802496752	0.745704015933	0.645995105281	0.729694951909	0.42629343978	0.455333638712	0.43986509371	0.71292648686	0.71349281398	0.403289308112	0.672250082852	0.676775950724	0.471573489917	0.743221416448	0.417733842031	0.747728278503	0.396861577482	0.706589578369	0.757509379852	0.632607939944	0.421103862391	0.814441909723	0.719550794614	0.479013956973	0.436577548826	0.458898335155	0.369105952124	0.66470719302	0.408252747631	0.369172555013	0.75912138221	0.715946930333	0.722762798267	0.74453178536	0.726878421476	0.425839259128	0.733497434138	0.384334800133	0.51041230454	0.431260987351	0.707756507481	0.423745119385	0.467987554405	0.78086016583	0.73231601131	0.412843152732	0.759613482418	0.722487827888	0.692009293751
M2Enter217.141012	0.688744634864	0.632879364526	0.716163135828	0.0	0.64496039137	0.554371416247	0.621637919598	0.657134018567	0.72287070003	0.729568350479	0.641466434242	0.695738551517	0.695443368088	0.553988030328	0.647107069823	0.461940993081	0.484390398489	0.593272367881	0.700528827196	0.560085767228	0.554966927101	0.483445337602	0.627130917217	0.546835812354	0.481375175047	0.626620608051	0.621326395541	0.5801239092	0.606474455684	0.661521922326	0.770496957717	0.691839073766	0.667051143302	0.538755063158	0.69004604658	0.568559197598	0.553424179713	0.686212804335	0.636509742101	0.771112751298	0.616530823309	0.678246072257	0.628810422695	0.65640936778	0.591298311201	0.708774201251	0.643311703165	0.537020810635	0.668853634745	0.67819587048	0.699894768637	0.720432974419	0.525265149507	0.780567864183	0.715567488144	0.668689952411	0.636016443648	0.702614048789	0.523519731735	0.629707403361	0.666418362674	0.600481563312	0.69413449341	0.586333678169	0.74243515937	0.552367084264	0.686801400023	0.641296757475	0.643372282167	0.579495921739	0.661893207744	0.573570540899	0.566729435864	0.567841635488
M2Skey217.141089	0.675867540307	0.637239235157	0.687611405139	0.64496039137	0.0	0.620762233787	0.64592518599	0.569167036181	0.694424560194	0.736262639741	0.601312651023	0.676519012598	0.664163464618	0.5565998314	0.573459943803	0.599109977593	0.614001690836	0.505688352162	0.559413179213	0.611823030753	0.689937161131	0.575228342523	0.562070663492	0.729759832693	0.580527208574	0.606459371022	0.634814857551	0.526970859743	0.60243414115	0.669915456578	0.756396663536	0.685557201501	0.607480501385	0.599838176557	0.668111804821	0.565928963591	0.534182819286	0.690963770979	0.560207578208	0.743757711756	0.640540272389	0.684354838886	0.589571957397	0.657421254341	0.56305467403	0.6962513396	0.679083387723	0.549305749263	0.680666573166	0.640611203559	0.663669131149	0.681864996253	0.552973174563	0.763082150156	0.701732292778	0.669112815723	0.5623029702	0.636649485249	0.601727131813	0.58642019501	0.668496238376	0.652260444761	0.694848105537	0.651829046141	0.703804200688	0.545371051849	0.657050486923	0.631763167524	0.631748594405	0.568049168141	0.652870065463	0.602060917674	0.614105461424	0.513044198037
M9Pkey217.141096	0.72293427651	0.642085461086	0.72474686222	0.554371416247	0.620762233787	0.0	0.610192719773	0.623363772825	0.71061228707	0.672443308813	0.641684817556	0.695812453235	0.667782783819	0.533015721595	0.606086265876	0.384075545425	0.52868018669	0.540351722243	0.595114039243	0.466469643197	0.654128743504	0.483166264095	0.574666484569	0.596728412069	0.411288555106	0.568243061982	0.497573858954	0.589308521901	0.448511551046	0.678193698801	0.76272204567	0.700964818978	0.621371354036	0.456682268521	0.693252567971	0.539853774792	0.447511968997	0.661894280316	0.531633065176	0.757176544512	0.560513052336	0.705786947439	0.507654803469	0.543114961984	0.534695222108	0.715442665711	0.618960283108	0.484043243644	0.676387247416	0.681541942148	0.703229985922	0.721745539723	0.477205863762	0.766646991424	0.73745304575	0.605611246784	0.586944224752	0.642316584619	0.557037627803	0.605137572105	0.676538525384	0.551942803924	0.697000106201	0.60483121537	0.741396536803	0.532804721309	0.681473931762	0.64244824152	0.559567323944	0.506090863441	0.673216011965	0.521511005153	0.587651331199	0.482496668046
M9Fkey217.141065	0.481869374459	0.408179621488	0.468145517708	0.621637919598	0.64592518599	0.610192719773	0.0	0.630064428578	0.473511513122	0.503647178467	0.389572947238	0.4362949126	0.444785204865	0.539177290396	0.616849273879	0.562302368264	0.618875300046	0.57427447815	0.634281567709	0.592249549416	0.708424339352	0.567733395637	0.661441893831	0.729028044654	0.542193936682	0.608159265856	0.650918005158	0.561851929908	0.63245646629	0.435162861316	0.56465167845	0.473609797188	0.635973967339	0.614509723418	0.475444967842	0.576091449172	0.566354348195	0.496330444736	0.642694626936	0.534589289267	0.632052093324	0.420684048458	0.592658435424	0.682997864319	0.579347354893	0.484709806313	0.727047391838	0.587856825425	0.474944125804	0.47107341201	0.510460553768	0.47115158742	0.563729790503	0.547567635472	0.50747664857	0.658885482559	0.616314550682	0.672268100326	0.657376290172	0.65018173428	0.459438814312	0.663384086708	0.448542029631	0.427350109681	0.50926698827	0.593918934549	0.486710025345	0.453124916539	0.684552588561	0.614260045149	0.426271272316	0.634116325253	0.615709768286	0.60472081085
M9Okey217.141076	0.656222669021	0.631138235926	0.696530634984	0.657134018567	0.569167036181	0.623363772825	0.630064428578	0.0	0.706595072769	0.731281653147	0.612888722825	0.691092704429	0.665731092546	0.516527024118	0.583366500202	0.611470902599	0.65145925621	0.56271502595	0.605589992699	0.630948022867	0.729943934494	0.594258739196	0.575956933652	0.725242608489	0.564861307884	0.566195983467	0.661734564874	0.558150715297	0.647537633287	0.63579252791	0.763986541994	0.691902266162	0.580221158662	0.602023842528	0.644186637371	0.583269830762	0.587056910707	0.718899973608	0.637861891441	0.771210771575	0.654723281217	0.656043682309	0.522305559162	0.709570992578	0.602720685917	0.675340241351	0.697296357344	0.592070604112	0.635941962444	0.635963809563	0.657284106951	0.693122324947	0.552732205965	0.778687613289	0.684044122529	0.706357182916	0.572503304598	0.61798651062	0.639763491436	0.566006686369	0.668100565746	0.654178810827	0.698023655562	0.595447574947	0.721476667307	0.605127636388	0.625987346359	0.656165391437	0.69864352337	0.597308853967	0.632614921786	0.681856920328	0.660167709112	0.609817355089
M9Akey217.141086	0.428328890785	0.460656898325	0.394304734279	0.72287070003	0.694424560194	0.71061228707	0.473511513122	0.706595072769	0.0	0.475477785426	0.499435615308	0.403609927024	0.40638028451	0.664406832081	0.679646354167	0.689235664611	0.730785176134	0.676210980304	0.707981309848	0.697641683836	0.776535297089	0.686312580862	0.737511321931	0.796046426828	0.649460971446	0.68738641345	0.745369115276	0.674734638047	0.735504649763	0.444243893098	0.463033685592	0.451635238011	0.719492070026	0.726431514346	0.402418366355	0.68056397305	0.670460174883	0.496941342275	0.732158029784	0.421450362202	0.721536017387	0.423094520957	0.703665048693	0.753552126101	0.675557004395	0.449422841941	0.807123204589	0.699972752209	0.487020842385	0.481258432607	0.449141214963	0.441213845156	0.643750224747	0.388102686469	0.411078611388	0.761504139737	0.690952827252	0.705580751981	0.761346760874	0.73182846382	0.460669704104	0.74225276619	0.378245019487	0.526235095997	0.466725876518	0.704023943151	0.457877545874	0.50473814649	0.757559167192	0.722494422895	0.449348594139	0.733134833682	0.738730368499	0.692778529146
M2Ckey217.141092	0.484074893082	0.463158766109	0.50868248257	0.729568350479	0.736262639741	0.672443308813	0.503647178467	0.731281653147	0.475477785426	0.0	0.51030711415	0.500668336619	0.479032779752	0.67578361893	0.722733894139	0.671395984545	0.725967138342	0.680056677096	0.71321632053	0.681622221144	0.817192471629	0.691018289576	0.73914577994	0.766687732673	0.6250928232	0.689616653904	0.704974935535	0.686633670383	0.725285061129	0.487682511382	0.512707323344	0.487216177914	0.734077108373	0.691784453058	0.480915721661	0.690926544626	0.664885018627	0.506120358343	0.714924143459	0.518409981974	0.676733992848	0.464185089562	0.69161145303	0.721695249687	0.686945102331	0.527165058675	0.771176325755	0.705340525283	0.569626224064	0.518765784831	0.53826641157	0.524588658494	0.649038581698	0.496056213666	0.521433301752	0.728242059159	0.704140769038	0.733421299231	0.753504500571	0.733441153484	0.517421831972	0.724438825102	0.466812025265	0.534541624118	0.55589570719	0.690548582957	0.551780994474	0.506863193509	0.759520688368	0.71029182917	0.521309744189	0.716169810779	0.730376215937	0.683139322678
M2Ykey217.141095	0.467409794061	0.443104673388	0.459689458569	0.641466434242	0.601312651023	0.641684817556	0.389572947238	0.612888722825	0.499435615308	0.51030711415	0.0	0.424320578662	0.447214928078	0.571357937957	0.622605567592	0.620842447825	0.661852227668	0.579875261349	0.646473934764	0.640918339535	0.737929176986	0.591695628075	0.65938908271	0.751613859601	0.56377704051	0.630358201465	0.683788009831	0.567062125468	0.651772209463	0.399491390511	0.542216465591	0.462928077716	0.642678112241	0.633983291816	0.45081798545	0.579519934519	0.590131325285	0.510415137948	0.65978364943	0.548131843986	0.648697490128	0.408879795054	0.605572463144	0.694334557641	0.578418974422	0.449165227341	0.738137529452	0.625630485362	0.457032072587	0.408982712452	0.481301255781	0.450832422971	0.562910404278	0.550733574723	0.471014205553	0.696183294733	0.638293561404	0.691735298651	0.682312307441	0.646142762653	0.477198218566	0.674561079107	0.421481303186	0.396302736228	0.46241221436	0.632509380708	0.436186946	0.470520281972	0.714198376988	0.659992002769	0.401530280015	0.664643635001	0.651997671498	0.62532432265
M2Ukey217.141085	0.422707007648	0.406497751517	0.368368045292	0.695738551517	0.676519012598	0.695812453235	0.4362949126	0.691092704429	0.403609927024	0.500668336619	0.424320578662	0.0	0.363249784159	0.641127156298	0.645330977458	0.698235086143	0.710483340375	0.656715817975	0.686894216847	0.682741146648	0.78167482379	0.661021370973	0.723452226468	0.800807385639	0.631082364771	0.677075735807	0.734910373128	0.630888318108	0.71820410916	0.414270743102	0.452309934555	0.358686734303	0.687368823412	0.695957320964	0.398267075557	0.646707470731	0.65013284964	0.4256229747	0.712636224595	0.425473174525	0.716433875879	0.384355725689	0.676838187902	0.752416776202	0.631665792575	0.450222243176	0.800040183468	0.692908964095	0.464460454821	0.419809129942	0.456327524631	0.399429463868	0.627094916417	0.399414457244	0.3805586007	0.749829788393	0.683832449365	0.699291109974	0.743596529728	0.700451013428	0.416206410919	0.707133509871	0.350678688544	0.45866170811	0.368519952649	0.673162716749	0.4273054153	0.482655352321	0.755312678482	0.699202955721	0.347270428211	0.724299533306	0.691770548311	0.675104632434
M2Nkey217.141052	0.354800008407	0.41881411073	0.373502794029	0.695443368088	0.664163464618	0.667782783819	0.444785204865	0.665731092546	0.40638028451	0.479032779752	0.447214928078	0.363249784159	0.0	0.612787287812	0.646293409567	0.663356351313	0.701498242739	0.630521308139	0.696209019434	0.669670579602	0.774350295575	0.657973681436	0.71495433203	0.775195792167	0.608160325472	0.681573180224	0.714546261843	0.61066302498	0.704421273651	0.437564648282	0.472595452053	0.406453721736	0.691250595485	0.682133702806	0.411366720963	0.629072831885	0.621631260582	0.452869956946	0.695847882291	0.44050202582	0.70744409999	0.386328539958	0.678444235372	0.736492834869	0.651803357932	0.438762764391	0.789307174555	0.684149108988	0.459192098581	0.433958748522	0.466241178562	0.414716137123	0.621143222769	0.429739394811	0.40500604841	0.750748239065	0.689344691762	0.711475143496	0.731305017353	0.702492725734	0.443819184078	0.715474799772	0.353729500659	0.477319743588	0.448279940805	0.652057401581	0.433197751096	0.482536979265	0.754077282969	0.68831695017	0.39095067471	0.720496451926	0.684711678725	0.655474752593
M3Kkey217.141046	0.621292938808	0.549251498107	0.668611929416	0.553988030328	0.5565998314	0.533015721595	0.539177290396	0.516527024118	0.664406832081	0.67578361893	0.571357937957	0.641127156298	0.612787287812	0.0	0.541063950206	0.521125250608	0.521011325739	0.454702708469	0.573723785401	0.550046866137	0.675969021021	0.492256187288	0.556924484228	0.65375718683	0.499066994356	0.580336459106	0.553325395639	0.488491062928	0.569664168748	0.606715383883	0.737461188769	0.656019560064	0.499902392155	0.506035766511	0.610077875152	0.487120967762	0.444423762816	0.646546598123	0.523058479226	0.719129404879	0.583990256903	0.613951767524	0.461495831568	0.64845547362	0.472635356638	0.649301128615	0.645802885284	0.536075147211	0.615127691885	0.602025672999	0.621961571564	0.672715782805	0.464983870584	0.74704178585	0.669815439857	0.596824060282	0.515316788736	0.642781103368	0.593209389264	0.533150812429	0.63062113464	0.559715186237	0.641032871391	0.556573669616	0.670069223665	0.479598501628	0.599180162783	0.603091954548	0.596658746617	0.505247657709	0.618890724487	0.571014225774	0.516391419876	0.520810363967
M3Ykey217.141023	0.670096625953	0.597074670914	0.670264371978	0.647107069823	0.573459943803	0.606086265876	0.616849273879	0.583366500202	0.679646354167	0.722733894139	0.622605567592	0.645330977458	0.646293409567	0.541063950206	0.0	0.618255578093	0.608103715628	0.46689449763	0.563829903506	0.648091732586	0.660332470113	0.548409537331	0.541839451811	0.752771651084	0.58842408685	0.562427203278	0.631908944468	0.487333177547	0.615746210721	0.611322876818	0.753315167392	0.662714954087	0.555876173896	0.579829110882	0.662110223069	0.463070501128	0.513870813179	0.685495230546	0.567815600981	0.741148997704	0.689419148264	0.641835237734	0.556629288052	0.69708308037	0.496061688544	0.67465384232	0.715186544647	0.573578219574	0.665806142907	0.63956147459	0.643458512807	0.691580951372	0.583237995858	0.753742642017	0.663725512738	0.684443805123	0.611850359528	0.623771476789	0.628699951601	0.570198391564	0.644740359996	0.560652569161	0.667005521712	0.580880872521	0.688534819869	0.570090098306	0.614337115612	0.601319594876	0.662256650476	0.566257783669	0.593597306466	0.641867065352	0.561184760383	0.547776157926
M3Lkey217.141097	0.689620731219	0.632699374532	0.698422110916	0.461940993081	0.599109977593	0.384075545425	0.562302368264	0.611470902599	0.689235664611	0.671395984545	0.620842447825	0.698235086143	0.663356351313	0.521125250608	0.618255578093	0.0	0.475205404749	0.533572800936	0.594863789058	0.465645249156	0.587476595192	0.394293567697	0.610188743425	0.465865086294	0.3640215103	0.604063652414	0.522855919948	0.557088778763	0.500243777487	0.627766323523	0.727698143431	0.685485359419	0.631805562868	0.392171796473	0.663357430334	0.562073284693	0.494522581101	0.654028403144	0.555410308738	0.724137599409	0.540326556105	0.675201970927	0.548529040241	0.526128390283	0.584857140736	0.714082651505	0.596323536057	0.456785740753	0.677760470343	0.673438353086	0.695309415749	0.717564322825	0.427924354594	0.743299254621	0.725359473352	0.539218797889	0.596373748468	0.653096140792	0.486461466082	0.599808879988	0.648564315377	0.577180864428	0.683713675583	0.571147217694	0.719633115858	0.486156001469	0.675599034762	0.631830938814	0.623177732832	0.454658317913	0.653452742652	0.447202789959	0.576391333999	0.482202162097
M3Bkey217.141059	0.714125442603	0.656032814587	0.753573241537	0.484390398489	0.614001690836	0.52868018669	0.618875300046	0.65145925621	0.730785176134	0.725967138342	0.661852227668	0.710483340375	0.701498242739	0.521011325739	0.608103715628	0.475205404749	0.0	0.590598491874	0.639005519609	0.565927437675	0.60530389795	0.49895553044	0.583154492969	0.601799171381	0.520969514095	0.599434379945	0.558778271555	0.571792881595	0.509946034997	0.696179746714	0.809819045983	0.71543412647	0.622592267906	0.499291305221	0.714692095914	0.553772725845	0.556614727914	0.717950468138	0.582491991203	0.790416165154	0.589245759729	0.722503095131	0.615363844013	0.557058128689	0.590357023028	0.74771098379	0.535310739979	0.526748501348	0.696617611054	0.686327255005	0.724295263934	0.733644431989	0.536121491966	0.809343882309	0.751353909191	0.546128968903	0.643246490788	0.686793038311	0.539671238515	0.630328757708	0.685681487011	0.578486431519	0.71046154385	0.636272020417	0.747695422305	0.500451847585	0.716067235882	0.651280668907	0.592046934004	0.49874566533	0.67152880456	0.453791149218	0.495273653315	0.57256685227
M9Wkey217.141090	0.640941064285	0.5857639598	0.65971568435	0.593272367881	0.505688352162	0.540351722243	0.57427447815	0.56271502595	0.676210980304	0.680056677096	0.579875261349	0.656715817975	0.630521308139	0.454702708469	0.46689449763	0.533572800936	0.590598491874	0.0	0.545615362762	0.548326240632	0.639599088317	0.47704348457	0.512942973801	0.696249466606	0.520483607111	0.524041364538	0.568789457395	0.426839061094	0.520025977911	0.596685165712	0.735720806099	0.658195231783	0.518804143577	0.536894626396	0.63380965346	0.467595092938	0.369321383212	0.649737713822	0.493170643052	0.738019786891	0.641250505896	0.631046985199	0.48372966318	0.646657489275	0.475773784041	0.663257163584	0.635829889337	0.506146543915	0.621710299555	0.639935701122	0.64468206115	0.67319999489	0.519846262285	0.75504210524	0.658232818805	0.588263538918	0.561005397031	0.604476808003	0.53062535622	0.497882097912	0.647225396793	0.506549775321	0.650181729006	0.531766787023	0.69511633056	0.468938295887	0.588256515642	0.61601897471	0.563417770822	0.527391228419	0.610701117701	0.582180092655	0.470289597327	0.432890070456
M9Nkey217.141010	0.696183112822	0.642995556186	0.702718597236	0.700528827196	0.559413179213	0.595114039243	0.634281567709	0.605589992699	0.707981309848	0.71321632053	0.646473934764	0.686894216847	0.696209019434	0.573723785401	0.563829903506	0.594863789058	0.639005519609	0.545615362762	0.0	0.587881455163	0.707402069069	0.569498943104	0.574855036356	0.710861917726	0.610484846401	0.613758621227	0.629728464783	0.529561924625	0.598134053902	0.661291339895	0.76616836302	0.684273423761	0.584827773771	0.584846737425	0.677043574113	0.582752091273	0.577776237349	0.699972616874	0.535211391157	0.749137762131	0.606466634592	0.663478545541	0.563934138611	0.623082043656	0.532977306288	0.718339704865	0.653850438223	0.59392928351	0.684032105236	0.637918263963	0.672453563372	0.728907652544	0.620386827367	0.767974503773	0.68714979363	0.662495607018	0.580345074801	0.610979916141	0.62940765902	0.549802601871	0.675440972076	0.544325853562	0.711094965108	0.63065547986	0.713593645641	0.600404788092	0.644846219051	0.632319248948	0.576465218136	0.535779978851	0.637606167716	0.611117543005	0.642717479357	0.553022984932
M9Mkey217.141007	0.688594648292	0.620378555245	0.708880592515	0.560085767228	0.611823030753	0.466469643197	0.592249549416	0.630948022867	0.697641683836	0.681622221144	0.640918339535	0.682741146648	0.669670579602	0.550046866137	0.648091732586	0.465645249156	0.565927437675	0.548326240632	0.587881455163	0.0	0.668343460613	0.50291879187	0.591491616102	0.619463901253	0.462714290375	0.600056790434	0.585054523732	0.580199809635	0.468446599296	0.664670681712	0.762825558554	0.670615758843	0.628095876509	0.453942134382	0.67391602211	0.592691109768	0.520136826402	0.682851892147	0.563666948021	0.75519472855	0.557065324432	0.683173731147	0.537017706488	0.584047726574	0.52387236909	0.707098071556	0.650395115056	0.527160861367	0.673703307611	0.657413147928	0.71389950296	0.705604117284	0.512498652061	0.772349243681	0.71719616991	0.553159695744	0.585777517412	0.599838608242	0.490262276028	0.604342960182	0.678805952185	0.585492666234	0.690889523957	0.617967301584	0.740071786072	0.527657157743	0.663416460711	0.670521495246	0.60776743337	0.51748146531	0.644768311785	0.55720021554	0.584777802199	0.540911394899
M9Bkey217.141032	0.797343409009	0.74140679972	0.810921286222	0.554966927101	0.689937161131	0.654128743504	0.708424339352	0.729943934494	0.776535297089	0.817192471629	0.737929176986	0.78167482379	0.774350295575	0.675969021021	0.660332470113	0.587476595192	0.60530389795	0.639599088317	0.707402069069	0.668343460613	0.0	0.579441628839	0.654628759272	0.497681032147	0.589133203078	0.677701765536	0.699175596974	0.67871064219	0.651691125605	0.760063198237	0.839540222889	0.790169521775	0.720865167135	0.591944817938	0.79162984455	0.644266695949	0.626170021578	0.785134285934	0.668764718678	0.835054328014	0.684092560109	0.780549378805	0.706172670088	0.697096334099	0.701747315058	0.789358134612	0.646852339384	0.584621337154	0.766238539989	0.768549316963	0.80426829165	0.796026844535	0.609873925972	0.852490134043	0.804248209114	0.681623150349	0.689136564071	0.743964006297	0.584975887584	0.695097168676	0.753218478996	0.645058859878	0.780062377575	0.706081964255	0.810445579814	0.610204582261	0.758241658232	0.753081336914	0.67259222313	0.620582288718	0.730498173402	0.599598200272	0.641562891788	0.632351925061
M2Ikey217.141000	0.65689497155	0.589843622415	0.692786705235	0.483445337602	0.575228342523	0.483166264095	0.567733395637	0.594258739196	0.686312580862	0.691018289576	0.591695628075	0.661021370973	0.657973681436	0.492256187288	0.548409537331	0.394293567697	0.49895553044	0.47704348457	0.569498943104	0.50291879187	0.579441628839	0.0	0.514116715046	0.60970176241	0.427808633751	0.492608591686	0.576104323597	0.488203549313	0.41340954828	0.625453374205	0.730094333684	0.678195821261	0.564863334859	0.46406121135	0.655301145984	0.438520104596	0.499435582874	0.651099690897	0.457377893672	0.749052838799	0.544603574043	0.638468449034	0.485505957158	0.582831046384	0.534014020992	0.685339581566	0.537919965918	0.398089299689	0.640696350502	0.635549092511	0.665748851355	0.688575931452	0.390224479099	0.754786587371	0.696463574988	0.512395578837	0.579884881598	0.622231554318	0.456649095788	0.532521123096	0.666147316138	0.527264192029	0.652679697042	0.543597653718	0.721657062109	0.437976073233	0.639336686859	0.641086908202	0.605484790782	0.405295946311	0.619378906482	0.40783542428	0.507841000402	0.426024369496
M2Mkey217.141014	0.70782303645	0.636899183291	0.734946179429	0.627130917217	0.562070663492	0.574666484569	0.661441893831	0.575956933652	0.737511321931	0.73914577994	0.65938908271	0.723452226468	0.71495433203	0.556924484228	0.541839451811	0.610188743425	0.583154492969	0.512942973801	0.574855036356	0.591491616102	0.654628759272	0.514116715046	0.0	0.688162319435	0.588856023882	0.511659984731	0.54518423817	0.535154085652	0.564617567065	0.683128330825	0.776717227675	0.737401648858	0.575948498547	0.599442532002	0.7084139942	0.5398740004	0.525069893408	0.717986307472	0.498140768902	0.798909607536	0.660929831687	0.696485534535	0.548069257941	0.682231785961	0.534244436876	0.719234931136	0.621913749646	0.593678909679	0.701704287837	0.682013246075	0.700432633303	0.72170699368	0.553042476561	0.810527328057	0.729381980016	0.641450509313	0.557745890956	0.594377216666	0.527403067592	0.574887394803	0.715083631508	0.491752383209	0.719955281296	0.631750219303	0.77417657729	0.587542291341	0.677236571215	0.68072335814	0.540708578901	0.584116931867	0.668438368448	0.60498478541	0.507148144864	0.531662452248
M3Ckey217.141073	0.785018601151	0.754522993897	0.80774004114	0.546835812354	0.729759832693	0.596728412069	0.729028044654	0.725242608489	0.796046426828	0.766687732673	0.751613859601	0.800807385639	0.775195792167	0.65375718683	0.752771651084	0.465865086294	0.601799171381	0.696249466606	0.710861917726	0.619463901253	0.497681032147	0.60970176241	0.688162319435	0.0	0.564773854297	0.710719276344	0.621482322663	0.700850679067	0.636072023309	0.746428160837	0.820315481574	0.795145721168	0.761759905626	0.573256871445	0.780009382988	0.706791971322	0.670572822388	0.770410193306	0.636611984639	0.824238920068	0.585572538577	0.791097770452	0.706677338279	0.654330902338	0.697902890075	0.782577835308	0.620321670412	0.623513126067	0.770584857639	0.756914917248	0.788347605874	0.806823690333	0.605910508	0.834611396532	0.808748644403	0.635062295661	0.683893847588	0.735643411736	0.589302896713	0.720229498317	0.746664331965	0.61575671073	0.782822437597	0.710426640305	0.818055291488	0.62155277796	0.783836249025	0.732917894128	0.674567012595	0.642975893599	0.757359760159	0.562480079081	0.676298171423	0.630408014139
M3Space217.141098	0.642289372385	0.557796081067	0.658614659525	0.481375175047	0.580527208574	0.411288555106	0.542193936682	0.564861307884	0.649460971446	0.6250928232	0.56377704051	0.631082364771	0.608160325472	0.499066994356	0.58842408685	0.3640215103	0.520969514095	0.520483607111	0.610484846401	0.462714290375	0.589133203078	0.427808633751	0.588856023882	0.564773854297	0.0	0.557848368096	0.554804091141	0.557787517552	0.515466249317	0.602221567292	0.693055377768	0.642292581673	0.628361435574	0.424123388184	0.630486328858	0.528901266655	0.454803814663	0.607326727644	0.544145249265	0.703842712641	0.533678515479	0.616948051207	0.534071293211	0.595924306563	0.552758207708	0.651823397219	0.635807119985	0.452634872183	0.580512775968	0.617226783772	0.639589777166	0.658871677885	0.450859463016	0.712869085657	0.663511499178	0.60660233587	0.562150046619	0.646284784433	0.494375068704	0.576180342418	0.59782828716	0.553364081423	0.637575791799	0.503022594312	0.695491195154	0.500526297583	0.599766925095	0.583344048984	0.635977495661	0.474189904934	0.594227246932	0.472443939904	0.56237484692	0.502072990642
M9Xkey217.141072	0.666578689656	0.603754840024	0.710802496752	0.626620608051	0.606459371022	0.568243061982	0.608159265856	0.566195983467	0.68738641345	0.689616653904	0.630358201465	0.677075735807	0.681573180224	0.580336459106	0.562427203278	0.604063652414	0.599434379945	0.524041364538	0.613758621227	0.600056790434	0.677701765536	0.492608591686	0.511659984731	0.710719276344	0.557848368096	0.0	0.611542691466	0.583893918509	0.571009436206	0.655930191347	0.756234819133	0.705758175696	0.612571082065	0.610108300186	0.675753241588	0.489961072282	0.548636214409	0.679683506237	0.561453370398	0.771432768147	0.591065481486	0.662265280808	0.564318451211	0.661242599696	0.552232879513	0.683082659051	0.631907278533	0.548415846727	0.664120901565	0.659222521056	0.674627297274	0.697464368237	0.548840440267	0.776980972729	0.704042108639	0.620627559624	0.525779244415	0.583704613086	0.597941288744	0.536687474423	0.673103117178	0.575465008818	0.689866587704	0.573279501602	0.734627735858	0.573328699197	0.64554623098	0.643814007848	0.625935832845	0.5908277678	0.654513613554	0.578319090478	0.579390771689	0.551204682436
M2Vkey217.141022	0.737630616957	0.679095120164	0.745704015933	0.621326395541	0.634814857551	0.497573858954	0.650918005158	0.661734564874	0.745369115276	0.704974935535	0.683788009831	0.734910373128	0.714546261843	0.553325395639	0.631908944468	0.522855919948	0.558778271555	0.568789457395	0.629728464783	0.585054523732	0.699175596974	0.576104323597	0.54518423817	0.621482322663	0.554804091141	0.611542691466	0.0	0.606109103242	0.565993447566	0.712568641835	0.783209619495	0.741872757753	0.619950210851	0.602838190105	0.713478068486	0.582541752033	0.479428936377	0.688051651714	0.509541465565	0.77662124404	0.669920403976	0.732099907493	0.533033053815	0.659930743474	0.536609299945	0.749797744227	0.648033687713	0.58796375302	0.723714458447	0.720064688948	0.736905265815	0.743670272511	0.553781250284	0.785143181777	0.744175067053	0.62710078249	0.617010421917	0.682821076344	0.590073584588	0.637081234516	0.712681350899	0.534808529658	0.725463911937	0.653296638528	0.770851880431	0.60193595635	0.718178489971	0.701907679595	0.547113562138	0.604545975634	0.696598872197	0.61023982115	0.539431983681	0.517087459732
M2Rkey217.141050	0.61931598835	0.55769813258	0.645995105281	0.5801239092	0.526970859743	0.589308521901	0.561851929908	0.558150715297	0.674734638047	0.686633670383	0.567062125468	0.630888318108	0.61066302498	0.488491062928	0.487333177547	0.557088778763	0.571792881595	0.426839061094	0.529561924625	0.580199809635	0.67871064219	0.488203549313	0.535154085652	0.700850679067	0.557787517552	0.583893918509	0.606109103242	0.0	0.563497912496	0.602401160387	0.724445632279	0.639037778626	0.535631706191	0.558409866134	0.645408350119	0.500971441025	0.505477763275	0.65034419226	0.504275470166	0.726167921926	0.630821044054	0.60179802039	0.519962251644	0.659799244143	0.514188276814	0.64349982366	0.66984934344	0.546958813119	0.609150475025	0.606124909764	0.610865406599	0.655137730818	0.535152188288	0.738018593658	0.641393469793	0.618578176995	0.570885918785	0.643573591373	0.588233228915	0.560139941234	0.604744982268	0.562421651376	0.621510402988	0.536504132577	0.650978882208	0.547051517661	0.608156608339	0.590149596789	0.624659276915	0.490101642728	0.586168714064	0.592392878221	0.533128349783	0.479207858383
M2Pkey217.141105	0.716459250959	0.644249216619	0.729694951909	0.606474455684	0.60243414115	0.448511551046	0.63245646629	0.647537633287	0.735504649763	0.725285061129	0.651772209463	0.71820410916	0.704421273651	0.569664168748	0.615746210721	0.500243777487	0.509946034997	0.520025977911	0.598134053902	0.468446599296	0.651691125605	0.41340954828	0.564617567065	0.636072023309	0.515466249317	0.571009436206	0.565993447566	0.563497912496	0.0	0.689898472102	0.768436474799	0.717990216523	0.607130290791	0.527855298997	0.70155755092	0.529648072903	0.548166011578	0.712388925712	0.467844308311	0.777886870897	0.500544835266	0.693811844356	0.537518934468	0.571726580578	0.556994699114	0.74057718046	0.565235232642	0.450379915159	0.669657245726	0.683278124804	0.725288487886	0.725057416989	0.499136812435	0.787994630105	0.73644110123	0.475601326882	0.606687262058	0.654980582979	0.44661460888	0.57597871642	0.704095097289	0.582034525277	0.710718016691	0.636078902089	0.75748110583	0.497211233274	0.689497235491	0.684185440203	0.569306766341	0.512930071492	0.66229287737	0.413788431987	0.584711002808	0.477876873573
M2Lkey217.141048	0.478357248188	0.416764798506	0.42629343978	0.661521922326	0.669915456578	0.678193698801	0.435162861316	0.63579252791	0.444243893098	0.487682511382	0.399491390511	0.414270743102	0.437564648282	0.606715383883	0.611322876818	0.627766323523	0.696179746714	0.596685165712	0.661291339895	0.664670681712	0.760063198237	0.625453374205	0.683128330825	0.746428160837	0.602221567292	0.655930191347	0.712568641835	0.602401160387	0.689898472102	0.0	0.551366048948	0.412426088673	0.678690981706	0.645165357688	0.403462309285	0.609789510201	0.635835066909	0.514956706542	0.686801033292	0.526466183459	0.674470200617	0.387830299472	0.661918798298	0.719086094251	0.593410714087	0.445585542763	0.768748889016	0.663542447612	0.465493062874	0.435143900834	0.469126294437	0.45653632686	0.599807442316	0.481605385867	0.418178990706	0.719950081732	0.674967904014	0.68351834737	0.694236963617	0.673544146768	0.463138571974	0.683812682118	0.425241201183	0.424165840972	0.474067893086	0.634244579711	0.416706833624	0.427744133187	0.756040088963	0.678752656655	0.404309061741	0.686432800966	0.669094477391	0.647128535916
M2Qkey217.141102	0.442157859316	0.54330359528	0.455333638712	0.770496957717	0.756396663536	0.76272204567	0.56465167845	0.763986541994	0.463033685592	0.512707323344	0.542216465591	0.452309934555	0.472595452053	0.737461188769	0.753315167392	0.727698143431	0.809819045983	0.735720806099	0.76616836302	0.762825558554	0.839540222889	0.730094333684	0.776717227675	0.820315481574	0.693055377768	0.756234819133	0.783209619495	0.724445632279	0.768436474799	0.551366048948	0.0	0.517093694007	0.781201618867	0.766109962295	0.536221707872	0.731544855521	0.737079799165	0.444291961932	0.762354887912	0.383006455139	0.737805317815	0.466323406782	0.760156119746	0.799428247258	0.750719062641	0.525528822928	0.83818385135	0.751806690371	0.559494557526	0.547014432375	0.537089223523	0.4773162696	0.715170375576	0.363631599437	0.484456610099	0.803503340073	0.749408139411	0.760464475073	0.783379810238	0.78008148163	0.524601375397	0.784413882637	0.429610648915	0.58523610178	0.463125677204	0.757993488454	0.538911337732	0.596982220246	0.815545494454	0.776682455062	0.5266451105	0.767467023382	0.785856669216	0.735656011064
M2Kkey217.141041	0.468264122628	0.468938665233	0.43986509371	0.691839073766	0.685557201501	0.700964818978	0.473609797188	0.691902266162	0.451635238011	0.487216177914	0.462928077716	0.358686734303	0.406453721736	0.656019560064	0.662714954087	0.685485359419	0.71543412647	0.658195231783	0.684273423761	0.670615758843	0.790169521775	0.678195821261	0.737401648858	0.795145721168	0.642292581673	0.705758175696	0.741872757753	0.639037778626	0.717990216523	0.412426088673	0.517093694007	0.0	0.709603928023	0.697601567102	0.423305140122	0.666029704852	0.662898734073	0.476286254355	0.716113993808	0.457325239411	0.7230060255	0.400657330342	0.68818334209	0.740178143607	0.624309094165	0.470278592691	0.812416572252	0.702359361317	0.488504239693	0.445130693544	0.509529744697	0.459090756308	0.644406924259	0.455501491303	0.448882933053	0.748498331479	0.694796727836	0.711796358008	0.735075960821	0.723163697261	0.440015799637	0.722634024301	0.426035730235	0.475539334239	0.42723224411	0.670163153501	0.443366897281	0.485986671853	0.75943064969	0.708726633069	0.384190514164	0.743406848786	0.705124327719	0.680785586502
M2Xkey217.141016	0.680810638582	0.641875599907	0.71292648686	0.667051143302	0.607480501385	0.621371354036	0.635973967339	0.580221158662	0.719492070026	0.734077108373	0.642678112241	0.687368823412	0.691250595485	0.499902392155	0.555876173896	0.631805562868	0.622592267906	0.518804143577	0.584827773771	0.628095876509	0.720865167135	0.564863334859	0.575948498547	0.761759905626	0.628361435574	0.612571082065	0.619950210851	0.535631706191	0.607130290791	0.678690981706	0.781201618867	0.709603928023	0.0	0.57841648001	0.682248768578	0.477491656599	0.539472191201	0.717812327551	0.553011481904	0.775403236589	0.698136094221	0.68245183329	0.510266330493	0.664194922195	0.540926535088	0.691669468819	0.707479371607	0.568983203956	0.68583635432	0.684173536133	0.690472323657	0.72049211091	0.595096002631	0.788414552463	0.707414585682	0.629511650445	0.617641683467	0.673527245663	0.638006139152	0.587541374812	0.680129218086	0.585905447932	0.687413217363	0.624344486696	0.705589505051	0.579573439972	0.623091874831	0.680399275407	0.612926438621	0.550743613185	0.673693911474	0.655758308993	0.54512929623	0.576786076635
M2Ekey217.141011	0.687379997145	0.6323267871	0.71349281398	0.538755063158	0.599838176557	0.456682268521	0.614509723418	0.602023842528	0.726431514346	0.691784453058	0.633983291816	0.695957320964	0.682133702806	0.506035766511	0.579829110882	0.392171796473	0.499291305221	0.536894626396	0.584846737425	0.453942134382	0.591944817938	0.46406121135	0.599442532002	0.573256871445	0.424123388184	0.610108300186	0.602838190105	0.558409866134	0.527855298997	0.645165357688	0.766109962295	0.697601567102	0.57841648001	0.0	0.682530840365	0.513409541697	0.505541756514	0.686348941608	0.540695960939	0.765932612556	0.562827945968	0.687897109644	0.554353907537	0.504853640152	0.555342311971	0.686444845288	0.601526739214	0.426518115055	0.667858494044	0.660869710606	0.703291523179	0.712069955484	0.495166167684	0.774165262571	0.729694776573	0.550259276087	0.585791571337	0.62206860167	0.494400761934	0.589226225458	0.689535162661	0.562228082013	0.692248543694	0.619881050736	0.707205864462	0.471888429707	0.646579620298	0.63945829446	0.634142341099	0.366815285314	0.661208108723	0.518875999119	0.568822363871	0.522009169406
