	DF3.141696	HI3.141676	MD2.141689	CA1.141704	PE5.141692	CO1.141714	IT2.141720	PE1.141715	SP2.141678	CO3.141651	SA2.141687	CM1.141723	LQ2.141729	SR2.141673	CR1.141682	VC1.141722	IE2.141655	RT2.141710	BB1.141690	CC1.141721	TL2.141706	PE6.141700	BP1.141702	PE7.141734	BF1.141647	TL1.141653	KP1.141713	CL3.141664	SK3.141716	SF1.141728	PE4.141683	HI1.141693	SB1.141730	SF2.141677	SN1.141681	SA1.141670	GB2.141732	IE1.141648	CL1.141697	KP3.141658	MD5.141688	SR1.141680	HI2.141672	MP1.141661	TL3.141709	CO2.141657	MT2.141698	HF1.141663	SV1.141649	RT1.141654	GB1.141665	DF1.141684	PE2.141725	GB3.141652	CF1.141675	GB5.141668	LQ3.141712	DF2.141726	LQ1.141701	MD4.141660	CF2.141679	IT1.141711	BF2.141708	SN3.141650	MP2.141695	AR3.141705	JT1.141699	BZ1.141724	HI4.141735	AR2.141703	SV2.141666	MD3.141707	HF2.141686	HJ2.141717	SR3.141674	CF3.141691	SK2.141662	AR1.141727	BB2.141659	CA2.141685	HJ1.141718	PE3.141731	MT1.141719	SP1.141656	CL4.141667	KP4.141733	VC2.141694	CL2.141671	SK1.141669
DF3.141696	0.0	15.88333334	1.06666667	0.08333333	48.6	4.43333333	11.21666666	49.05	0.65	4.83333333	0.6	2.66666667	17.66666667	1.28333334	2.03333334	0.06666667	5.83333333	4.5	8.90333333	9.43333333	32.66666666	48.61666667	7.78333333	48.61666667	5.61666666	32.66666666	3.13333333	1.35	17.63333333	0.58333334	49.05	15.88333334	1.5	0.58333334	0.48333333	0.6	3.35	5.83333333	1.35	3.13333333	0.76666667	1.26666667	15.88333334	13.5	32.66666666	4.61666666	10.83333333	6.53333333	1.63333334	4.5	3.36666666	0.0	49.05	3.35	6.19166666	3.38333333	17.66666667	0.0	17.66666667	0.76666667	5.96666666	11.2	5.61666666	0.48333333	13.5	63.7	2.0	28.83333333	15.88333334	63.7	1.63333334	1.06666667	6.53333333	8.25	1.28333334	6.15	18.01666666	63.7	8.9	0.08333333	8.25	49.05	10.83333333	0.53333333	1.35	3.13333333	0.06666667	1.35	17.93333333
HI3.141676	15.88333334	0.0	14.81666667	15.96666667	32.71666666	20.31666667	27.1	33.16666666	16.53333334	20.71666667	15.28333334	13.21666667	1.78333333	14.6	13.85	15.81666667	21.71666667	11.38333334	24.78666667	25.31666667	48.55	32.73333333	23.66666667	32.73333333	21.5	48.55	19.01666667	14.53333334	33.51666667	15.3	33.16666666	0.0	14.38333334	15.3	16.36666667	15.28333334	19.23333334	21.71666667	14.53333334	19.01666667	15.11666667	14.61666667	0.0	29.38333334	48.55	20.5	26.71666667	22.41666667	14.25	11.38333334	19.25	15.88333334	33.16666666	19.23333334	22.075	19.26666667	1.78333333	15.88333334	1.78333333	15.11666667	21.85	27.08333334	21.5	16.36666667	29.38333334	47.81666666	13.88333334	44.71666667	0.0	47.81666666	14.25	14.81666667	22.41666667	24.13333334	14.6	22.03333334	33.9	47.81666666	24.78333334	15.96666667	24.13333334	33.16666666	26.71666667	16.41666667	14.53333334	19.01666667	15.81666667	14.53333334	33.81666667
MD2.141689	1.06666667	14.81666667	0.0	1.15	47.53333333	5.5	12.28333333	47.98333333	1.71666667	5.9	0.46666667	1.6	16.6	0.21666667	0.96666667	1.0	6.9	3.43333333	9.97	10.5	33.73333333	47.55	8.85	47.55	6.68333333	33.73333333	4.2	0.28333333	18.7	0.48333333	47.98333333	14.81666667	0.43333333	0.48333333	1.55	0.46666667	4.41666667	6.9	0.28333333	4.2	0.3	0.2	14.81666667	14.56666667	33.73333333	5.68333333	11.9	7.6	0.56666667	3.43333333	4.43333333	1.06666667	47.98333333	4.41666667	7.25833333	4.45	16.6	1.06666667	16.6	0.3	7.03333333	12.26666667	6.68333333	1.55	14.56666667	62.63333333	0.93333333	29.9	14.81666667	62.63333333	0.56666667	0.0	7.6	9.31666667	0.21666667	7.21666667	19.08333333	62.63333333	9.96666667	1.15	9.31666667	47.98333333	11.9	1.6	0.28333333	4.2	1.0	0.28333333	19.0
CA1.141704	0.08333333	15.96666667	1.15	0.0	48.68333333	4.35	11.13333333	49.13333333	0.56666667	4.75	0.68333333	2.75	17.75	1.36666667	2.11666667	0.15	5.75	4.58333333	8.82	9.35	32.58333333	48.7	7.7	48.7	5.53333333	32.58333333	3.05	1.43333333	17.55	0.66666667	49.13333333	15.96666667	1.58333333	0.66666667	0.4	0.68333333	3.26666667	5.75	1.43333333	3.05	0.85	1.35	15.96666667	13.41666667	32.58333333	4.53333333	10.75	6.45	1.71666667	4.58333333	3.28333333	0.08333333	49.13333333	3.26666667	6.10833333	3.3	17.75	0.08333333	17.75	0.85	5.88333333	11.11666667	5.53333333	0.4	13.41666667	63.78333333	2.08333333	28.75	15.96666667	63.78333333	1.71666667	1.15	6.45	8.16666667	1.36666667	6.06666667	17.93333333	63.78333333	8.81666667	0.0	8.16666667	49.13333333	10.75	0.45	1.43333333	3.05	0.15	1.43333333	17.85
PE5.141692	48.6	32.71666666	47.53333333	48.68333333	0.0	53.03333333	59.81666666	0.45	49.25	53.43333333	48.0	45.93333333	30.93333333	47.31666666	46.56666666	48.53333333	54.43333333	44.1	57.50333333	58.03333333	81.26666666	0.01666667	56.38333333	0.01666667	54.21666666	81.26666666	51.73333333	47.25	66.23333333	48.01666666	0.45	32.71666666	47.1	48.01666666	49.08333333	48.0	51.95	54.43333333	47.25	51.73333333	47.83333333	47.33333333	32.71666666	62.1	81.26666666	53.21666666	59.43333333	55.13333333	46.96666666	44.1	51.96666666	48.6	0.45	51.95	54.79166666	51.98333333	30.93333333	48.6	30.93333333	47.83333333	54.56666666	59.8	54.21666666	49.08333333	62.1	15.1	46.6	77.43333333	32.71666666	15.1	46.96666666	47.53333333	55.13333333	56.85	47.31666666	54.75	66.61666666	15.1	57.5	48.68333333	56.85	0.45	59.43333333	49.13333333	47.25	51.73333333	48.53333333	47.25	66.53333333
CO1.141714	4.43333333	20.31666667	5.5	4.35	53.03333333	0.0	6.78333333	53.48333333	3.78333333	0.4	5.03333333	7.1	22.1	5.71666667	6.46666667	4.5	1.4	8.93333333	4.47	5.0	28.23333333	53.05	3.35	53.05	1.18333333	28.23333333	1.3	5.78333333	13.2	5.01666667	53.48333333	20.31666667	5.93333333	5.01666667	3.95	5.03333333	1.08333333	1.4	5.78333333	1.3	5.2	5.7	20.31666667	9.06666667	28.23333333	0.18333333	6.4	2.1	6.06666667	8.93333333	1.06666667	4.43333333	53.48333333	1.08333333	1.75833333	1.05	22.1	4.43333333	22.1	5.2	1.53333333	6.76666667	1.18333333	3.95	9.06666667	68.13333333	6.43333333	24.4	20.31666667	68.13333333	6.06666667	5.5	2.1	3.81666667	5.71666667	1.71666667	13.58333333	68.13333333	4.46666667	4.35	3.81666667	53.48333333	6.4	3.9	5.78333333	1.3	4.5	5.78333333	13.5
IT2.141720	11.21666666	27.1	12.28333333	11.13333333	59.81666666	6.78333333	0.0	60.26666666	10.56666666	6.38333333	11.81666666	13.88333333	28.88333333	12.5	13.25	11.28333333	5.38333333	15.71666666	2.31333333	1.78333333	21.45	59.83333333	3.43333333	59.83333333	5.6	21.45	8.08333333	12.56666666	6.41666667	11.8	60.26666666	27.1	12.71666666	11.8	10.73333333	11.81666666	7.86666666	5.38333333	12.56666666	8.08333333	11.98333333	12.48333333	27.1	2.28333334	21.45	6.6	0.38333333	4.68333333	12.85	15.71666666	7.85	11.21666666	60.26666666	7.86666666	5.025	7.83333333	28.88333333	11.21666666	28.88333333	11.98333333	5.25	0.01666666	5.6	10.73333333	2.28333334	74.91666666	13.21666666	17.61666667	27.1	74.91666666	12.85	12.28333333	4.68333333	2.96666666	12.5	5.06666666	6.8	74.91666666	2.31666666	11.13333333	2.96666666	60.26666666	0.38333333	10.68333333	12.56666666	8.08333333	11.28333333	12.56666666	6.71666667
PE1.141715	49.05	33.16666666	47.98333333	49.13333333	0.45	53.48333333	60.26666666	0.0	49.7	53.88333333	48.45	46.38333333	31.38333333	47.76666666	47.01666666	48.98333333	54.88333333	44.55	57.95333333	58.48333333	81.71666666	0.43333333	56.83333333	0.43333333	54.66666666	81.71666666	52.18333333	47.7	66.68333333	48.46666666	0.0	33.16666666	47.55	48.46666666	49.53333333	48.45	52.4	54.88333333	47.7	52.18333333	48.28333333	47.78333333	33.16666666	62.55	81.71666666	53.66666666	59.88333333	55.58333333	47.41666666	44.55	52.41666666	49.05	0.0	52.4	55.24166666	52.43333333	31.38333333	49.05	31.38333333	48.28333333	55.01666666	60.25	54.66666666	49.53333333	62.55	14.65	47.05	77.88333333	33.16666666	14.65	47.41666666	47.98333333	55.58333333	57.3	47.76666666	55.2	67.06666666	14.65	57.95	49.13333333	57.3	0.0	59.88333333	49.58333333	47.7	52.18333333	48.98333333	47.7	66.98333333
SP2.141678	0.65	16.53333334	1.71666667	0.56666667	49.25	3.78333333	10.56666666	49.7	0.0	4.18333333	1.25	3.31666667	18.31666667	1.93333334	2.68333334	0.71666667	5.18333333	5.15	8.25333333	8.78333333	32.01666666	49.26666667	7.13333333	49.26666667	4.96666666	32.01666666	2.48333333	2.0	16.98333333	1.23333334	49.7	16.53333334	2.15	1.23333334	0.16666667	1.25	2.7	5.18333333	2.0	2.48333333	1.41666667	1.91666667	16.53333334	12.85	32.01666666	3.96666666	10.18333333	5.88333333	2.28333334	5.15	2.71666666	0.65	49.7	2.7	5.54166666	2.73333333	18.31666667	0.65	18.31666667	1.41666667	5.31666666	10.55	4.96666666	0.16666667	12.85	64.35	2.65	28.18333333	16.53333334	64.35	2.28333334	1.71666667	5.88333333	7.6	1.93333334	5.5	17.36666666	64.35	8.25	0.56666667	7.6	49.7	10.18333333	0.11666667	2.0	2.48333333	0.71666667	2.0	17.28333333
CO3.141651	4.83333333	20.71666667	5.9	4.75	53.43333333	0.4	6.38333333	53.88333333	4.18333333	0.0	5.43333333	7.5	22.5	6.11666667	6.86666667	4.9	1.0	9.33333333	4.07	4.6	27.83333333	53.45	2.95	53.45	0.78333333	27.83333333	1.7	6.18333333	12.8	5.41666667	53.88333333	20.71666667	6.33333333	5.41666667	4.35	5.43333333	1.48333333	1.0	6.18333333	1.7	5.6	6.1	20.71666667	8.66666667	27.83333333	0.21666667	6.0	1.7	6.46666667	9.33333333	1.46666667	4.83333333	53.88333333	1.48333333	1.35833333	1.45	22.5	4.83333333	22.5	5.6	1.13333333	6.36666667	0.78333333	4.35	8.66666667	68.53333333	6.83333333	24.0	20.71666667	68.53333333	6.46666667	5.9	1.7	3.41666667	6.11666667	1.31666667	13.18333333	68.53333333	4.06666667	4.75	3.41666667	53.88333333	6.0	4.3	6.18333333	1.7	4.9	6.18333333	13.1
SA2.141687	0.6	15.28333334	0.46666667	0.68333333	48.0	5.03333333	11.81666666	48.45	1.25	5.43333333	0.0	2.06666667	17.06666667	0.68333334	1.43333334	0.53333333	6.43333333	3.9	9.50333333	10.03333333	33.26666666	48.01666667	8.38333333	48.01666667	6.21666666	33.26666666	3.73333333	0.75	18.23333333	0.01666666	48.45	15.28333334	0.9	0.01666666	1.08333333	0.0	3.95	6.43333333	0.75	3.73333333	0.16666667	0.66666667	15.28333334	14.1	33.26666666	5.21666666	11.43333333	7.13333333	1.03333334	3.9	3.96666666	0.6	48.45	3.95	6.79166666	3.98333333	17.06666667	0.6	17.06666667	0.16666667	6.56666666	11.8	6.21666666	1.08333333	14.1	63.1	1.4	29.43333333	15.28333334	63.1	1.03333334	0.46666667	7.13333333	8.85	0.68333334	6.75	18.61666666	63.1	9.5	0.68333333	8.85	48.45	11.43333333	1.13333333	0.75	3.73333333	0.53333333	0.75	18.53333333
CM1.141723	2.66666667	13.21666667	1.6	2.75	45.93333333	7.1	13.88333333	46.38333333	3.31666667	7.5	2.06666667	0.0	15.0	1.38333333	0.63333333	2.6	8.5	1.83333333	11.57	12.1	35.33333333	45.95	10.45	45.95	8.28333333	35.33333333	5.8	1.31666667	20.3	2.08333333	46.38333333	13.21666667	1.16666667	2.08333333	3.15	2.06666667	6.01666667	8.5	1.31666667	5.8	1.9	1.4	13.21666667	16.16666667	35.33333333	7.28333333	13.5	9.2	1.03333333	1.83333333	6.03333333	2.66666667	46.38333333	6.01666667	8.85833333	6.05	15.0	2.66666667	15.0	1.9	8.63333333	13.86666667	8.28333333	3.15	16.16666667	61.03333333	0.66666667	31.5	13.21666667	61.03333333	1.03333333	1.6	9.2	10.91666667	1.38333333	8.81666667	20.68333333	61.03333333	11.56666667	2.75	10.91666667	46.38333333	13.5	3.2	1.31666667	5.8	2.6	1.31666667	20.6
LQ2.141729	17.66666667	1.78333333	16.6	17.75	30.93333333	22.1	28.88333333	31.38333333	18.31666667	22.5	17.06666667	15.0	0.0	16.38333333	15.63333333	17.6	23.5	13.16666667	26.57	27.1	50.33333333	30.95	25.45	30.95	23.28333333	50.33333333	20.8	16.31666667	35.3	17.08333333	31.38333333	1.78333333	16.16666667	17.08333333	18.15	17.06666667	21.01666667	23.5	16.31666667	20.8	16.9	16.4	1.78333333	31.16666667	50.33333333	22.28333333	28.5	24.2	16.03333333	13.16666667	21.03333333	17.66666667	31.38333333	21.01666667	23.85833333	21.05	0.0	17.66666667	0.0	16.9	23.63333333	28.86666667	23.28333333	18.15	31.16666667	46.03333333	15.66666667	46.5	1.78333333	46.03333333	16.03333333	16.6	24.2	25.91666667	16.38333333	23.81666667	35.68333333	46.03333333	26.56666667	17.75	25.91666667	31.38333333	28.5	18.2	16.31666667	20.8	17.6	16.31666667	35.6
SR2.141673	1.28333334	14.6	0.21666667	1.36666667	47.31666666	5.71666667	12.5	47.76666666	1.93333334	6.11666667	0.68333334	1.38333333	16.38333333	0.0	0.75	1.21666667	7.11666667	3.21666666	10.18666667	10.71666667	33.95	47.33333333	9.06666667	47.33333333	6.9	33.95	4.41666667	0.06666666	18.91666667	0.7	47.76666666	14.6	0.21666666	0.7	1.76666667	0.68333334	4.63333334	7.11666667	0.06666666	4.41666667	0.51666667	0.01666667	14.6	14.78333334	33.95	5.9	12.11666667	7.81666667	0.35	3.21666666	4.65	1.28333334	47.76666666	4.63333334	7.475	4.66666667	16.38333333	1.28333334	16.38333333	0.51666667	7.25	12.48333334	6.9	1.76666667	14.78333334	62.41666666	0.71666666	30.11666667	14.6	62.41666666	0.35	0.21666667	7.81666667	9.53333334	0.0	7.43333334	19.3	62.41666666	10.18333334	1.36666667	9.53333334	47.76666666	12.11666667	1.81666667	0.06666666	4.41666667	1.21666667	0.06666666	19.21666667
CR1.141682	2.03333334	13.85	0.96666667	2.11666667	46.56666666	6.46666667	13.25	47.01666666	2.68333334	6.86666667	1.43333334	0.63333333	15.63333333	0.75	0.0	1.96666667	7.86666667	2.46666666	10.93666667	11.46666667	34.7	46.58333333	9.81666667	46.58333333	7.65	34.7	5.16666667	0.68333334	19.66666667	1.45	47.01666666	13.85	0.53333334	1.45	2.51666667	1.43333334	5.38333334	7.86666667	0.68333334	5.16666667	1.26666667	0.76666667	13.85	15.53333334	34.7	6.65	12.86666667	8.56666667	0.4	2.46666666	5.4	2.03333334	47.01666666	5.38333334	8.225	5.41666667	15.63333333	2.03333334	15.63333333	1.26666667	8.0	13.23333334	7.65	2.51666667	15.53333334	61.66666666	0.03333334	30.86666667	13.85	61.66666666	0.4	0.96666667	8.56666667	10.28333334	0.75	8.18333334	20.05	61.66666666	10.93333334	2.11666667	10.28333334	47.01666666	12.86666667	2.56666667	0.68333334	5.16666667	1.96666667	0.68333334	19.96666667
VC1.141722	0.06666667	15.81666667	1.0	0.15	48.53333333	4.5	11.28333333	48.98333333	0.71666667	4.9	0.53333333	2.6	17.6	1.21666667	1.96666667	0.0	5.9	4.43333333	8.97	9.5	32.73333333	48.55	7.85	48.55	5.68333333	32.73333333	3.2	1.28333333	17.7	0.51666667	48.98333333	15.81666667	1.43333333	0.51666667	0.55	0.53333333	3.41666667	5.9	1.28333333	3.2	0.7	1.2	15.81666667	13.56666667	32.73333333	4.68333333	10.9	6.6	1.56666667	4.43333333	3.43333333	0.06666667	48.98333333	3.41666667	6.25833333	3.45	17.6	0.06666667	17.6	0.7	6.03333333	11.26666667	5.68333333	0.55	13.56666667	63.63333333	1.93333333	28.9	15.81666667	63.63333333	1.56666667	1.0	6.6	8.31666667	1.21666667	6.21666667	18.08333333	63.63333333	8.96666667	0.15	8.31666667	48.98333333	10.9	0.6	1.28333333	3.2	0.0	1.28333333	18.0
IE2.141655	5.83333333	21.71666667	6.9	5.75	54.43333333	1.4	5.38333333	54.88333333	5.18333333	1.0	6.43333333	8.5	23.5	7.11666667	7.86666667	5.9	0.0	10.33333333	3.07	3.6	26.83333333	54.45	1.95	54.45	0.21666667	26.83333333	2.7	7.18333333	11.8	6.41666667	54.88333333	21.71666667	7.33333333	6.41666667	5.35	6.43333333	2.48333333	0.0	7.18333333	2.7	6.6	7.1	21.71666667	7.66666667	26.83333333	1.21666667	5.0	0.7	7.46666667	10.33333333	2.46666667	5.83333333	54.88333333	2.48333333	0.35833333	2.45	23.5	5.83333333	23.5	6.6	0.13333333	5.36666667	0.21666667	5.35	7.66666667	69.53333333	7.83333333	23.0	21.71666667	69.53333333	7.46666667	6.9	0.7	2.41666667	7.11666667	0.31666667	12.18333333	69.53333333	3.06666667	5.75	2.41666667	54.88333333	5.0	5.3	7.18333333	2.7	5.9	7.18333333	12.1
RT2.141710	4.5	11.38333334	3.43333333	4.58333333	44.1	8.93333333	15.71666666	44.55	5.15	9.33333333	3.9	1.83333333	13.16666667	3.21666666	2.46666666	4.43333333	10.33333333	0.0	13.40333333	13.93333333	37.16666666	44.11666667	12.28333333	44.11666667	10.11666666	37.16666666	7.63333333	3.15	22.13333333	3.91666666	44.55	11.38333334	3.0	3.91666666	4.98333333	3.9	7.85	10.33333333	3.15	7.63333333	3.73333333	3.23333333	11.38333334	18.0	37.16666666	9.11666666	15.33333333	11.03333333	2.86666666	0.0	7.86666666	4.5	44.55	7.85	10.69166666	7.88333333	13.16666667	4.5	13.16666667	3.73333333	10.46666666	15.7	10.11666666	4.98333333	18.0	59.2	2.5	33.33333333	11.38333334	59.2	2.86666666	3.43333333	11.03333333	12.75	3.21666666	10.65	22.51666666	59.2	13.4	4.58333333	12.75	44.55	15.33333333	5.03333333	3.15	7.63333333	4.43333333	3.15	22.43333333
BB1.141690	8.90333333	24.78666667	9.97	8.82	57.50333333	4.47	2.31333333	57.95333333	8.25333333	4.07	9.50333333	11.57	26.57	10.18666667	10.93666667	8.97	3.07	13.40333333	0.0	0.53	23.76333333	57.52	1.12	57.52	3.28666667	23.76333333	5.77	10.25333333	8.73	9.48666667	57.95333333	24.78666667	10.40333333	9.48666667	8.42	9.50333333	5.55333333	3.07	10.25333333	5.77	9.67	10.17	24.78666667	4.59666667	23.76333333	4.28666667	1.93	2.37	10.53666667	13.40333333	5.53666667	8.90333333	57.95333333	5.55333333	2.71166667	5.52	26.57	8.90333333	26.57	9.67	2.93666667	2.29666667	3.28666667	8.42	4.59666667	72.60333333	10.90333333	19.93	24.78666667	72.60333333	10.53666667	9.97	2.37	0.65333333	10.18666667	2.75333333	9.11333333	72.60333333	0.00333333	8.82	0.65333333	57.95333333	1.93	8.37	10.25333333	5.77	8.97	10.25333333	9.03
CC1.141721	9.43333333	25.31666667	10.5	9.35	58.03333333	5.0	1.78333333	58.48333333	8.78333333	4.6	10.03333333	12.1	27.1	10.71666667	11.46666667	9.5	3.6	13.93333333	0.53	0.0	23.23333333	58.05	1.65	58.05	3.81666667	23.23333333	6.3	10.78333333	8.2	10.01666667	58.48333333	25.31666667	10.93333333	10.01666667	8.95	10.03333333	6.08333333	3.6	10.78333333	6.3	10.2	10.7	25.31666667	4.06666667	23.23333333	4.81666667	1.4	2.9	11.06666667	13.93333333	6.06666667	9.43333333	58.48333333	6.08333333	3.24166667	6.05	27.1	9.43333333	27.1	10.2	3.46666667	1.76666667	3.81666667	8.95	4.06666667	73.13333333	11.43333333	19.4	25.31666667	73.13333333	11.06666667	10.5	2.9	1.18333333	10.71666667	3.28333333	8.58333333	73.13333333	0.53333333	9.35	1.18333333	58.48333333	1.4	8.9	10.78333333	6.3	9.5	10.78333333	8.5
TL2.141706	32.66666666	48.55	33.73333333	32.58333333	81.26666666	28.23333333	21.45	81.71666666	32.01666666	27.83333333	33.26666666	35.33333333	50.33333333	33.95	34.7	32.73333333	26.83333333	37.16666666	23.76333333	23.23333333	0.0	81.28333333	24.88333333	81.28333333	27.05	0.0	29.53333333	34.01666666	15.03333333	33.25	81.71666666	48.55	34.16666666	33.25	32.18333333	33.26666666	29.31666666	26.83333333	34.01666666	29.53333333	33.43333333	33.93333333	48.55	19.16666666	0.0	28.05	21.83333333	26.13333333	34.3	37.16666666	29.3	32.66666666	81.71666666	29.31666666	26.475	29.28333333	50.33333333	32.66666666	50.33333333	33.43333333	26.7	21.46666666	27.05	32.18333333	19.16666666	96.36666666	34.66666666	3.83333333	48.55	96.36666666	34.3	33.73333333	26.13333333	24.41666666	33.95	26.51666666	14.65	96.36666666	23.76666666	32.58333333	24.41666666	81.71666666	21.83333333	32.13333333	34.01666666	29.53333333	32.73333333	34.01666666	14.73333333
PE6.141700	48.61666667	32.73333333	47.55	48.7	0.01666667	53.05	59.83333333	0.43333333	49.26666667	53.45	48.01666667	45.95	30.95	47.33333333	46.58333333	48.55	54.45	44.11666667	57.52	58.05	81.28333333	0.0	56.4	0.0	54.23333333	81.28333333	51.75	47.26666667	66.25	48.03333333	0.43333333	32.73333333	47.11666667	48.03333333	49.1	48.01666667	51.96666667	54.45	47.26666667	51.75	47.85	47.35	32.73333333	62.11666667	81.28333333	53.23333333	59.45	55.15	46.98333333	44.11666667	51.98333333	48.61666667	0.43333333	51.96666667	54.80833333	52.0	30.95	48.61666667	30.95	47.85	54.58333333	59.81666667	54.23333333	49.1	62.11666667	15.08333333	46.61666667	77.45	32.73333333	15.08333333	46.98333333	47.55	55.15	56.86666667	47.33333333	54.76666667	66.63333333	15.08333333	57.51666667	48.7	56.86666667	0.43333333	59.45	49.15	47.26666667	51.75	48.55	47.26666667	66.55
BP1.141702	7.78333333	23.66666667	8.85	7.7	56.38333333	3.35	3.43333333	56.83333333	7.13333333	2.95	8.38333333	10.45	25.45	9.06666667	9.81666667	7.85	1.95	12.28333333	1.12	1.65	24.88333333	56.4	0.0	56.4	2.16666667	24.88333333	4.65	9.13333333	9.85	8.36666667	56.83333333	23.66666667	9.28333333	8.36666667	7.3	8.38333333	4.43333333	1.95	9.13333333	4.65	8.55	9.05	23.66666667	5.71666667	24.88333333	3.16666667	3.05	1.25	9.41666667	12.28333333	4.41666667	7.78333333	56.83333333	4.43333333	1.59166667	4.4	25.45	7.78333333	25.45	8.55	1.81666667	3.41666667	2.16666667	7.3	5.71666667	71.48333333	9.78333333	21.05	23.66666667	71.48333333	9.41666667	8.85	1.25	0.46666667	9.06666667	1.63333333	10.23333333	71.48333333	1.11666667	7.7	0.46666667	56.83333333	3.05	7.25	9.13333333	4.65	7.85	9.13333333	10.15
PE7.141734	48.61666667	32.73333333	47.55	48.7	0.01666667	53.05	59.83333333	0.43333333	49.26666667	53.45	48.01666667	45.95	30.95	47.33333333	46.58333333	48.55	54.45	44.11666667	57.52	58.05	81.28333333	0.0	56.4	0.0	54.23333333	81.28333333	51.75	47.26666667	66.25	48.03333333	0.43333333	32.73333333	47.11666667	48.03333333	49.1	48.01666667	51.96666667	54.45	47.26666667	51.75	47.85	47.35	32.73333333	62.11666667	81.28333333	53.23333333	59.45	55.15	46.98333333	44.11666667	51.98333333	48.61666667	0.43333333	51.96666667	54.80833333	52.0	30.95	48.61666667	30.95	47.85	54.58333333	59.81666667	54.23333333	49.1	62.11666667	15.08333333	46.61666667	77.45	32.73333333	15.08333333	46.98333333	47.55	55.15	56.86666667	47.33333333	54.76666667	66.63333333	15.08333333	57.51666667	48.7	56.86666667	0.43333333	59.45	49.15	47.26666667	51.75	48.55	47.26666667	66.55
BF1.141647	5.61666666	21.5	6.68333333	5.53333333	54.21666666	1.18333333	5.6	54.66666666	4.96666666	0.78333333	6.21666666	8.28333333	23.28333333	6.9	7.65	5.68333333	0.21666667	10.11666666	3.28666667	3.81666667	27.05	54.23333333	2.16666667	54.23333333	0.0	27.05	2.48333333	6.96666666	12.01666667	6.2	54.66666666	21.5	7.11666666	6.2	5.13333333	6.21666666	2.26666666	0.21666667	6.96666666	2.48333333	6.38333333	6.88333333	21.5	7.88333334	27.05	1.0	5.21666667	0.91666667	7.25	10.11666666	2.25	5.61666666	54.66666666	2.26666666	0.575	2.23333333	23.28333333	5.61666666	23.28333333	6.38333333	0.35	5.58333334	0.0	5.13333333	7.88333334	69.31666666	7.61666666	23.21666667	21.5	69.31666666	7.25	6.68333333	0.91666667	2.63333334	6.9	0.53333334	12.4	69.31666666	3.28333334	5.53333333	2.63333334	54.66666666	5.21666667	5.08333333	6.96666666	2.48333333	5.68333333	6.96666666	12.31666667
TL1.141653	32.66666666	48.55	33.73333333	32.58333333	81.26666666	28.23333333	21.45	81.71666666	32.01666666	27.83333333	33.26666666	35.33333333	50.33333333	33.95	34.7	32.73333333	26.83333333	37.16666666	23.76333333	23.23333333	0.0	81.28333333	24.88333333	81.28333333	27.05	0.0	29.53333333	34.01666666	15.03333333	33.25	81.71666666	48.55	34.16666666	33.25	32.18333333	33.26666666	29.31666666	26.83333333	34.01666666	29.53333333	33.43333333	33.93333333	48.55	19.16666666	0.0	28.05	21.83333333	26.13333333	34.3	37.16666666	29.3	32.66666666	81.71666666	29.31666666	26.475	29.28333333	50.33333333	32.66666666	50.33333333	33.43333333	26.7	21.46666666	27.05	32.18333333	19.16666666	96.36666666	34.66666666	3.83333333	48.55	96.36666666	34.3	33.73333333	26.13333333	24.41666666	33.95	26.51666666	14.65	96.36666666	23.76666666	32.58333333	24.41666666	81.71666666	21.83333333	32.13333333	34.01666666	29.53333333	32.73333333	34.01666666	14.73333333
KP1.141713	3.13333333	19.01666667	4.2	3.05	51.73333333	1.3	8.08333333	52.18333333	2.48333333	1.7	3.73333333	5.8	20.8	4.41666667	5.16666667	3.2	2.7	7.63333333	5.77	6.3	29.53333333	51.75	4.65	51.75	2.48333333	29.53333333	0.0	4.48333333	14.5	3.71666667	52.18333333	19.01666667	4.63333333	3.71666667	2.65	3.73333333	0.21666667	2.7	4.48333333	0.0	3.9	4.4	19.01666667	10.36666667	29.53333333	1.48333333	7.7	3.4	4.76666667	7.63333333	0.23333333	3.13333333	52.18333333	0.21666667	3.05833333	0.25	20.8	3.13333333	20.8	3.9	2.83333333	8.06666667	2.48333333	2.65	10.36666667	66.83333333	5.13333333	25.7	19.01666667	66.83333333	4.76666667	4.2	3.4	5.11666667	4.41666667	3.01666667	14.88333333	66.83333333	5.76666667	3.05	5.11666667	52.18333333	7.7	2.6	4.48333333	0.0	3.2	4.48333333	14.8
CL3.141664	1.35	14.53333334	0.28333333	1.43333333	47.25	5.78333333	12.56666666	47.7	2.0	6.18333333	0.75	1.31666667	16.31666667	0.06666666	0.68333334	1.28333333	7.18333333	3.15	10.25333333	10.78333333	34.01666666	47.26666667	9.13333333	47.26666667	6.96666666	34.01666666	4.48333333	0.0	18.98333333	0.76666666	47.7	14.53333334	0.15	0.76666666	1.83333333	0.75	4.7	7.18333333	0.0	4.48333333	0.58333333	0.08333333	14.53333334	14.85	34.01666666	5.96666666	12.18333333	7.88333333	0.28333334	3.15	4.71666666	1.35	47.7	4.7	7.54166666	4.73333333	16.31666667	1.35	16.31666667	0.58333333	7.31666666	12.55	6.96666666	1.83333333	14.85	62.35	0.65	30.18333333	14.53333334	62.35	0.28333334	0.28333333	7.88333333	9.6	0.06666666	7.5	19.36666666	62.35	10.25	1.43333333	9.6	47.7	12.18333333	1.88333333	0.0	4.48333333	1.28333333	0.0	19.28333333
SK3.141716	17.63333333	33.51666667	18.7	17.55	66.23333333	13.2	6.41666667	66.68333333	16.98333333	12.8	18.23333333	20.3	35.3	18.91666667	19.66666667	17.7	11.8	22.13333333	8.73	8.2	15.03333333	66.25	9.85	66.25	12.01666667	15.03333333	14.5	18.98333333	0.0	18.21666667	66.68333333	33.51666667	19.13333333	18.21666667	17.15	18.23333333	14.28333333	11.8	18.98333333	14.5	18.4	18.9	33.51666667	4.13333333	15.03333333	13.01666667	6.8	11.1	19.26666667	22.13333333	14.26666667	17.63333333	66.68333333	14.28333333	11.44166667	14.25	35.3	17.63333333	35.3	18.4	11.66666667	6.43333333	12.01666667	17.15	4.13333333	81.33333333	19.63333333	11.2	33.51666667	81.33333333	19.26666667	18.7	11.1	9.38333333	18.91666667	11.48333333	0.38333333	81.33333333	8.73333333	17.55	9.38333333	66.68333333	6.8	17.1	18.98333333	14.5	17.7	18.98333333	0.3
SF1.141728	0.58333334	15.3	0.48333333	0.66666667	48.01666666	5.01666667	11.8	48.46666666	1.23333334	5.41666667	0.01666666	2.08333333	17.08333333	0.7	1.45	0.51666667	6.41666667	3.91666666	9.48666667	10.01666667	33.25	48.03333333	8.36666667	48.03333333	6.2	33.25	3.71666667	0.76666666	18.21666667	0.0	48.46666666	15.3	0.91666666	0.0	1.06666667	0.01666666	3.93333334	6.41666667	0.76666666	3.71666667	0.18333333	0.68333333	15.3	14.08333334	33.25	5.2	11.41666667	7.11666667	1.05	3.91666666	3.95	0.58333334	48.46666666	3.93333334	6.775	3.96666667	17.08333333	0.58333334	17.08333333	0.18333333	6.55	11.78333334	6.2	1.06666667	14.08333334	63.11666666	1.41666666	29.41666667	15.3	63.11666666	1.05	0.48333333	7.11666667	8.83333334	0.7	6.73333334	18.6	63.11666666	9.48333334	0.66666667	8.83333334	48.46666666	11.41666667	1.11666667	0.76666666	3.71666667	0.51666667	0.76666666	18.51666667
PE4.141683	49.05	33.16666666	47.98333333	49.13333333	0.45	53.48333333	60.26666666	0.0	49.7	53.88333333	48.45	46.38333333	31.38333333	47.76666666	47.01666666	48.98333333	54.88333333	44.55	57.95333333	58.48333333	81.71666666	0.43333333	56.83333333	0.43333333	54.66666666	81.71666666	52.18333333	47.7	66.68333333	48.46666666	0.0	33.16666666	47.55	48.46666666	49.53333333	48.45	52.4	54.88333333	47.7	52.18333333	48.28333333	47.78333333	33.16666666	62.55	81.71666666	53.66666666	59.88333333	55.58333333	47.41666666	44.55	52.41666666	49.05	0.0	52.4	55.24166666	52.43333333	31.38333333	49.05	31.38333333	48.28333333	55.01666666	60.25	54.66666666	49.53333333	62.55	14.65	47.05	77.88333333	33.16666666	14.65	47.41666666	47.98333333	55.58333333	57.3	47.76666666	55.2	67.06666666	14.65	57.95	49.13333333	57.3	0.0	59.88333333	49.58333333	47.7	52.18333333	48.98333333	47.7	66.98333333
HI1.141693	15.88333334	0.0	14.81666667	15.96666667	32.71666666	20.31666667	27.1	33.16666666	16.53333334	20.71666667	15.28333334	13.21666667	1.78333333	14.6	13.85	15.81666667	21.71666667	11.38333334	24.78666667	25.31666667	48.55	32.73333333	23.66666667	32.73333333	21.5	48.55	19.01666667	14.53333334	33.51666667	15.3	33.16666666	0.0	14.38333334	15.3	16.36666667	15.28333334	19.23333334	21.71666667	14.53333334	19.01666667	15.11666667	14.61666667	0.0	29.38333334	48.55	20.5	26.71666667	22.41666667	14.25	11.38333334	19.25	15.88333334	33.16666666	19.23333334	22.075	19.26666667	1.78333333	15.88333334	1.78333333	15.11666667	21.85	27.08333334	21.5	16.36666667	29.38333334	47.81666666	13.88333334	44.71666667	0.0	47.81666666	14.25	14.81666667	22.41666667	24.13333334	14.6	22.03333334	33.9	47.81666666	24.78333334	15.96666667	24.13333334	33.16666666	26.71666667	16.41666667	14.53333334	19.01666667	15.81666667	14.53333334	33.81666667
SB1.141730	1.5	14.38333334	0.43333333	1.58333333	47.1	5.93333333	12.71666666	47.55	2.15	6.33333333	0.9	1.16666667	16.16666667	0.21666666	0.53333334	1.43333333	7.33333333	3.0	10.40333333	10.93333333	34.16666666	47.11666667	9.28333333	47.11666667	7.11666666	34.16666666	4.63333333	0.15	19.13333333	0.91666666	47.55	14.38333334	0.0	0.91666666	1.98333333	0.9	4.85	7.33333333	0.15	4.63333333	0.73333333	0.23333333	14.38333334	15.0	34.16666666	6.11666666	12.33333333	8.03333333	0.13333334	3.0	4.86666666	1.5	47.55	4.85	7.69166666	4.88333333	16.16666667	1.5	16.16666667	0.73333333	7.46666666	12.7	7.11666666	1.98333333	15.0	62.2	0.5	30.33333333	14.38333334	62.2	0.13333334	0.43333333	8.03333333	9.75	0.21666666	7.65	19.51666666	62.2	10.4	1.58333333	9.75	47.55	12.33333333	2.03333333	0.15	4.63333333	1.43333333	0.15	19.43333333
SF2.141677	0.58333334	15.3	0.48333333	0.66666667	48.01666666	5.01666667	11.8	48.46666666	1.23333334	5.41666667	0.01666666	2.08333333	17.08333333	0.7	1.45	0.51666667	6.41666667	3.91666666	9.48666667	10.01666667	33.25	48.03333333	8.36666667	48.03333333	6.2	33.25	3.71666667	0.76666666	18.21666667	0.0	48.46666666	15.3	0.91666666	0.0	1.06666667	0.01666666	3.93333334	6.41666667	0.76666666	3.71666667	0.18333333	0.68333333	15.3	14.08333334	33.25	5.2	11.41666667	7.11666667	1.05	3.91666666	3.95	0.58333334	48.46666666	3.93333334	6.775	3.96666667	17.08333333	0.58333334	17.08333333	0.18333333	6.55	11.78333334	6.2	1.06666667	14.08333334	63.11666666	1.41666666	29.41666667	15.3	63.11666666	1.05	0.48333333	7.11666667	8.83333334	0.7	6.73333334	18.6	63.11666666	9.48333334	0.66666667	8.83333334	48.46666666	11.41666667	1.11666667	0.76666666	3.71666667	0.51666667	0.76666666	18.51666667
SN1.141681	0.48333333	16.36666667	1.55	0.4	49.08333333	3.95	10.73333333	49.53333333	0.16666667	4.35	1.08333333	3.15	18.15	1.76666667	2.51666667	0.55	5.35	4.98333333	8.42	8.95	32.18333333	49.1	7.3	49.1	5.13333333	32.18333333	2.65	1.83333333	17.15	1.06666667	49.53333333	16.36666667	1.98333333	1.06666667	0.0	1.08333333	2.86666667	5.35	1.83333333	2.65	1.25	1.75	16.36666667	13.01666667	32.18333333	4.13333333	10.35	6.05	2.11666667	4.98333333	2.88333333	0.48333333	49.53333333	2.86666667	5.70833333	2.9	18.15	0.48333333	18.15	1.25	5.48333333	10.71666667	5.13333333	0.0	13.01666667	64.18333333	2.48333333	28.35	16.36666667	64.18333333	2.11666667	1.55	6.05	7.76666667	1.76666667	5.66666667	17.53333333	64.18333333	8.41666667	0.4	7.76666667	49.53333333	10.35	0.05	1.83333333	2.65	0.55	1.83333333	17.45
SA1.141670	0.6	15.28333334	0.46666667	0.68333333	48.0	5.03333333	11.81666666	48.45	1.25	5.43333333	0.0	2.06666667	17.06666667	0.68333334	1.43333334	0.53333333	6.43333333	3.9	9.50333333	10.03333333	33.26666666	48.01666667	8.38333333	48.01666667	6.21666666	33.26666666	3.73333333	0.75	18.23333333	0.01666666	48.45	15.28333334	0.9	0.01666666	1.08333333	0.0	3.95	6.43333333	0.75	3.73333333	0.16666667	0.66666667	15.28333334	14.1	33.26666666	5.21666666	11.43333333	7.13333333	1.03333334	3.9	3.96666666	0.6	48.45	3.95	6.79166666	3.98333333	17.06666667	0.6	17.06666667	0.16666667	6.56666666	11.8	6.21666666	1.08333333	14.1	63.1	1.4	29.43333333	15.28333334	63.1	1.03333334	0.46666667	7.13333333	8.85	0.68333334	6.75	18.61666666	63.1	9.5	0.68333333	8.85	48.45	11.43333333	1.13333333	0.75	3.73333333	0.53333333	0.75	18.53333333
GB2.141732	3.35	19.23333334	4.41666667	3.26666667	51.95	1.08333333	7.86666666	52.4	2.7	1.48333333	3.95	6.01666667	21.01666667	4.63333334	5.38333334	3.41666667	2.48333333	7.85	5.55333333	6.08333333	29.31666666	51.96666667	4.43333333	51.96666667	2.26666666	29.31666666	0.21666667	4.7	14.28333333	3.93333334	52.4	19.23333334	4.85	3.93333334	2.86666667	3.95	0.0	2.48333333	4.7	0.21666667	4.11666667	4.61666667	19.23333334	10.15	29.31666666	1.26666666	7.48333333	3.18333333	4.98333334	7.85	0.01666666	3.35	52.4	0.0	2.84166666	0.03333333	21.01666667	3.35	21.01666667	4.11666667	2.61666666	7.85	2.26666666	2.86666667	10.15	67.05	5.35	25.48333333	19.23333334	67.05	4.98333334	4.41666667	3.18333333	4.9	4.63333334	2.8	14.66666666	67.05	5.55	3.26666667	4.9	52.4	7.48333333	2.81666667	4.7	0.21666667	3.41666667	4.7	14.58333333
IE1.141648	5.83333333	21.71666667	6.9	5.75	54.43333333	1.4	5.38333333	54.88333333	5.18333333	1.0	6.43333333	8.5	23.5	7.11666667	7.86666667	5.9	0.0	10.33333333	3.07	3.6	26.83333333	54.45	1.95	54.45	0.21666667	26.83333333	2.7	7.18333333	11.8	6.41666667	54.88333333	21.71666667	7.33333333	6.41666667	5.35	6.43333333	2.48333333	0.0	7.18333333	2.7	6.6	7.1	21.71666667	7.66666667	26.83333333	1.21666667	5.0	0.7	7.46666667	10.33333333	2.46666667	5.83333333	54.88333333	2.48333333	0.35833333	2.45	23.5	5.83333333	23.5	6.6	0.13333333	5.36666667	0.21666667	5.35	7.66666667	69.53333333	7.83333333	23.0	21.71666667	69.53333333	7.46666667	6.9	0.7	2.41666667	7.11666667	0.31666667	12.18333333	69.53333333	3.06666667	5.75	2.41666667	54.88333333	5.0	5.3	7.18333333	2.7	5.9	7.18333333	12.1
CL1.141697	1.35	14.53333334	0.28333333	1.43333333	47.25	5.78333333	12.56666666	47.7	2.0	6.18333333	0.75	1.31666667	16.31666667	0.06666666	0.68333334	1.28333333	7.18333333	3.15	10.25333333	10.78333333	34.01666666	47.26666667	9.13333333	47.26666667	6.96666666	34.01666666	4.48333333	0.0	18.98333333	0.76666666	47.7	14.53333334	0.15	0.76666666	1.83333333	0.75	4.7	7.18333333	0.0	4.48333333	0.58333333	0.08333333	14.53333334	14.85	34.01666666	5.96666666	12.18333333	7.88333333	0.28333334	3.15	4.71666666	1.35	47.7	4.7	7.54166666	4.73333333	16.31666667	1.35	16.31666667	0.58333333	7.31666666	12.55	6.96666666	1.83333333	14.85	62.35	0.65	30.18333333	14.53333334	62.35	0.28333334	0.28333333	7.88333333	9.6	0.06666666	7.5	19.36666666	62.35	10.25	1.43333333	9.6	47.7	12.18333333	1.88333333	0.0	4.48333333	1.28333333	0.0	19.28333333
KP3.141658	3.13333333	19.01666667	4.2	3.05	51.73333333	1.3	8.08333333	52.18333333	2.48333333	1.7	3.73333333	5.8	20.8	4.41666667	5.16666667	3.2	2.7	7.63333333	5.77	6.3	29.53333333	51.75	4.65	51.75	2.48333333	29.53333333	0.0	4.48333333	14.5	3.71666667	52.18333333	19.01666667	4.63333333	3.71666667	2.65	3.73333333	0.21666667	2.7	4.48333333	0.0	3.9	4.4	19.01666667	10.36666667	29.53333333	1.48333333	7.7	3.4	4.76666667	7.63333333	0.23333333	3.13333333	52.18333333	0.21666667	3.05833333	0.25	20.8	3.13333333	20.8	3.9	2.83333333	8.06666667	2.48333333	2.65	10.36666667	66.83333333	5.13333333	25.7	19.01666667	66.83333333	4.76666667	4.2	3.4	5.11666667	4.41666667	3.01666667	14.88333333	66.83333333	5.76666667	3.05	5.11666667	52.18333333	7.7	2.6	4.48333333	0.0	3.2	4.48333333	14.8
MD5.141688	0.76666667	15.11666667	0.3	0.85	47.83333333	5.2	11.98333333	48.28333333	1.41666667	5.6	0.16666667	1.9	16.9	0.51666667	1.26666667	0.7	6.6	3.73333333	9.67	10.2	33.43333333	47.85	8.55	47.85	6.38333333	33.43333333	3.9	0.58333333	18.4	0.18333333	48.28333333	15.11666667	0.73333333	0.18333333	1.25	0.16666667	4.11666667	6.6	0.58333333	3.9	0.0	0.5	15.11666667	14.26666667	33.43333333	5.38333333	11.6	7.3	0.86666667	3.73333333	4.13333333	0.76666667	48.28333333	4.11666667	6.95833333	4.15	16.9	0.76666667	16.9	0.0	6.73333333	11.96666667	6.38333333	1.25	14.26666667	62.93333333	1.23333333	29.6	15.11666667	62.93333333	0.86666667	0.3	7.3	9.01666667	0.51666667	6.91666667	18.78333333	62.93333333	9.66666667	0.85	9.01666667	48.28333333	11.6	1.3	0.58333333	3.9	0.7	0.58333333	18.7
SR1.141680	1.26666667	14.61666667	0.2	1.35	47.33333333	5.7	12.48333333	47.78333333	1.91666667	6.1	0.66666667	1.4	16.4	0.01666667	0.76666667	1.2	7.1	3.23333333	10.17	10.7	33.93333333	47.35	9.05	47.35	6.88333333	33.93333333	4.4	0.08333333	18.9	0.68333333	47.78333333	14.61666667	0.23333333	0.68333333	1.75	0.66666667	4.61666667	7.1	0.08333333	4.4	0.5	0.0	14.61666667	14.76666667	33.93333333	5.88333333	12.1	7.8	0.36666667	3.23333333	4.63333333	1.26666667	47.78333333	4.61666667	7.45833333	4.65	16.4	1.26666667	16.4	0.5	7.23333333	12.46666667	6.88333333	1.75	14.76666667	62.43333333	0.73333333	30.1	14.61666667	62.43333333	0.36666667	0.2	7.8	9.51666667	0.01666667	7.41666667	19.28333333	62.43333333	10.16666667	1.35	9.51666667	47.78333333	12.1	1.8	0.08333333	4.4	1.2	0.08333333	19.2
HI2.141672	15.88333334	0.0	14.81666667	15.96666667	32.71666666	20.31666667	27.1	33.16666666	16.53333334	20.71666667	15.28333334	13.21666667	1.78333333	14.6	13.85	15.81666667	21.71666667	11.38333334	24.78666667	25.31666667	48.55	32.73333333	23.66666667	32.73333333	21.5	48.55	19.01666667	14.53333334	33.51666667	15.3	33.16666666	0.0	14.38333334	15.3	16.36666667	15.28333334	19.23333334	21.71666667	14.53333334	19.01666667	15.11666667	14.61666667	0.0	29.38333334	48.55	20.5	26.71666667	22.41666667	14.25	11.38333334	19.25	15.88333334	33.16666666	19.23333334	22.075	19.26666667	1.78333333	15.88333334	1.78333333	15.11666667	21.85	27.08333334	21.5	16.36666667	29.38333334	47.81666666	13.88333334	44.71666667	0.0	47.81666666	14.25	14.81666667	22.41666667	24.13333334	14.6	22.03333334	33.9	47.81666666	24.78333334	15.96666667	24.13333334	33.16666666	26.71666667	16.41666667	14.53333334	19.01666667	15.81666667	14.53333334	33.81666667
MP1.141661	13.5	29.38333334	14.56666667	13.41666667	62.1	9.06666667	2.28333334	62.55	12.85	8.66666667	14.1	16.16666667	31.16666667	14.78333334	15.53333334	13.56666667	7.66666667	18.0	4.59666667	4.06666667	19.16666666	62.11666667	5.71666667	62.11666667	7.88333334	19.16666666	10.36666667	14.85	4.13333333	14.08333334	62.55	29.38333334	15.0	14.08333334	13.01666667	14.1	10.15	7.66666667	14.85	10.36666667	14.26666667	14.76666667	29.38333334	0.0	19.16666666	8.88333334	2.66666667	6.96666667	15.13333334	18.0	10.13333334	13.5	62.55	10.15	7.30833334	10.11666667	31.16666667	13.5	31.16666667	14.26666667	7.53333334	2.3	7.88333334	13.01666667	0.0	77.2	15.5	15.33333333	29.38333334	77.2	15.13333334	14.56666667	6.96666667	5.25	14.78333334	7.35	4.51666666	77.2	4.6	13.41666667	5.25	62.55	2.66666667	12.96666667	14.85	10.36666667	13.56666667	14.85	4.43333333
TL3.141709	32.66666666	48.55	33.73333333	32.58333333	81.26666666	28.23333333	21.45	81.71666666	32.01666666	27.83333333	33.26666666	35.33333333	50.33333333	33.95	34.7	32.73333333	26.83333333	37.16666666	23.76333333	23.23333333	0.0	81.28333333	24.88333333	81.28333333	27.05	0.0	29.53333333	34.01666666	15.03333333	33.25	81.71666666	48.55	34.16666666	33.25	32.18333333	33.26666666	29.31666666	26.83333333	34.01666666	29.53333333	33.43333333	33.93333333	48.55	19.16666666	0.0	28.05	21.83333333	26.13333333	34.3	37.16666666	29.3	32.66666666	81.71666666	29.31666666	26.475	29.28333333	50.33333333	32.66666666	50.33333333	33.43333333	26.7	21.46666666	27.05	32.18333333	19.16666666	96.36666666	34.66666666	3.83333333	48.55	96.36666666	34.3	33.73333333	26.13333333	24.41666666	33.95	26.51666666	14.65	96.36666666	23.76666666	32.58333333	24.41666666	81.71666666	21.83333333	32.13333333	34.01666666	29.53333333	32.73333333	34.01666666	14.73333333
CO2.141657	4.61666666	20.5	5.68333333	4.53333333	53.21666666	0.18333333	6.6	53.66666666	3.96666666	0.21666667	5.21666666	7.28333333	22.28333333	5.9	6.65	4.68333333	1.21666667	9.11666666	4.28666667	4.81666667	28.05	53.23333333	3.16666667	53.23333333	1.0	28.05	1.48333333	5.96666666	13.01666667	5.2	53.66666666	20.5	6.11666666	5.2	4.13333333	5.21666666	1.26666666	1.21666667	5.96666666	1.48333333	5.38333333	5.88333333	20.5	8.88333334	28.05	0.0	6.21666667	1.91666667	6.25	9.11666666	1.25	4.61666666	53.66666666	1.26666666	1.575	1.23333333	22.28333333	4.61666666	22.28333333	5.38333333	1.35	6.58333334	1.0	4.13333333	8.88333334	68.31666666	6.61666666	24.21666667	20.5	68.31666666	6.25	5.68333333	1.91666667	3.63333334	5.9	1.53333334	13.4	68.31666666	4.28333334	4.53333333	3.63333334	53.66666666	6.21666667	4.08333333	5.96666666	1.48333333	4.68333333	5.96666666	13.31666667
